06_01.jpg	0	0	1	0
06_75.jpg	0	0	1	0
06_119.jpg	0	0	1	0
06_106.jpg	0	0	1	0
06_287.jpg	0	0	1	0
06_31.jpg	0	0	1	0
06_149.jpg	0	0	1	0
06-2_29.jpg	0	0	1	0
06_45.jpg	0	0	1	0
06_223.jpg	0	0	1	0
06_173.jpg	0	0	1	0
06-2_36.jpg	0	0	1	0
06_142.jpg	0	0	1	0
06_297.jpg	0	0	1	0
06_239.jpg	0	0	1	0
06_91.jpg	0	0	1	0
06-2_27.jpg	0	0	1	0
06-2_02.jpg	0	0	1	0
06_260.jpg	0	0	1	0
06_201.jpg	0	0	1	0
05_87.jpg	0	0	1	0
06_08.jpg	0	0	1	0
06_202.jpg	0	0	1	0
06-2_20.jpg	0	0	1	0
06_222.jpg	0	0	1	0
06_68.jpg	0	0	1	0
06_34.jpg	0	0	1	0
06_167.jpg	0	0	1	0
06_271.jpg	0	0	1	0
06_250.jpg	0	0	1	0
06_237.jpg	0	0	1	0
06_236.jpg	0	0	1	0
06-2_41.jpg	0	0	1	0
06-2_21.jpg	0	0	1	0
06_97.jpg	0	0	1	0
06_208.jpg	0	0	1	0
06_268.jpg	0	0	1	0
06-2_14.jpg	0	0	1	0
06_232.jpg	0	0	1	0
06_108.jpg	0	0	1	0
05_86.jpg	0	0	1	0
06_243.jpg	0	0	1	0
06_98.jpg	0	0	1	0
06_230.jpg	0	0	1	0
06_267.jpg	0	0	1	0
06-2_28.jpg	0	0	1	0
06_102.jpg	0	0	1	0
06_256.jpg	0	0	1	0
06_298.jpg	0	0	1	0
06-2_40.jpg	0	0	1	0
06_264.jpg	0	0	1	0
06-2_30.jpg	0	0	1	0
10_665.jpg	0	0	1	0
10_712.jpg	0	0	1	0
10_162.jpg	0	0	1	0
09_1821.jpg	0	0	1	0
10_616.jpg	0	0	1	0
09_1162.jpg	0	0	1	0
10_236.jpg	0	0	1	0
10_246.jpg	0	0	1	0
10_76.jpg	0	0	1	0
10_209.jpg	0	0	1	0
10_497.jpg	0	0	1	0
10_581.jpg	0	0	1	0
10_750.jpg	0	0	1	0
10_389.jpg	0	0	1	0
10_475.jpg	0	0	1	0
10_659.jpg	0	0	1	0
10_514.jpg	0	0	1	0
10_44.jpg	0	0	1	0
10_216.jpg	0	0	1	0
10_566.jpg	0	0	1	0
10_449.jpg	0	0	1	0
10_795.jpg	0	0	1	0
10_512.jpg	0	0	1	0
10_684.jpg	0	0	1	0
10_641.jpg	0	0	1	0
10_121.jpg	0	0	1	0
09_1916.jpg	0	0	1	0
09_119.jpg	0	0	1	0
10_563.jpg	0	0	1	0
10_291.jpg	0	0	1	0
09_1080.jpg	0	0	1	0
10_355.jpg	0	0	1	0
10_170.jpg	0	0	1	0
10_600.jpg	0	0	1	0
10_277.jpg	0	0	1	0
10_501.jpg	0	0	1	0
10_595.jpg	0	0	1	0
10_661.jpg	0	0	1	0
10_23.jpg	0	0	1	0
10_151.jpg	0	0	1	0
10_697.jpg	0	0	1	0
10_142.jpg	0	0	1	0
10_453.jpg	0	0	1	0
10_703.jpg	0	0	1	0
10_809.jpg	0	0	1	0
10_482.jpg	0	0	1	0
10_64.jpg	0	0	1	0
10_57.jpg	0	0	1	0
10_518.jpg	0	0	1	0
10_434.jpg	0	0	1	0
10_262.jpg	0	0	1	0
10_464.jpg	0	0	1	0
10_734.jpg	0	0	1	0
10_526.jpg	0	0	1	0
10_322.jpg	0	0	1	0
10_640.jpg	0	0	1	0
10_513.jpg	0	0	1	0
10_37.jpg	0	0	1	0
09_281.jpg	0	0	1	0
11_108.jpg	0	0	1	0
10_290.jpg	0	0	1	0
10_16.jpg	0	0	1	0
09_921.jpg	0	0	1	0
10_26.jpg	0	0	1	0
10_534.jpg	0	0	1	0
11_279.jpg	0	0	1	0
10_492.jpg	0	0	1	0
10_73.jpg	0	0	1	0
10_642.jpg	0	0	1	0
10_762.jpg	0	0	1	0
10_05.jpg	0	0	1	0
10_597.jpg	0	0	1	0
09_1077.jpg	0	0	1	0
10_798.jpg	0	0	1	0
10_691.jpg	0	0	1	0
10_491.jpg	0	0	1	0
10_88.jpg	0	0	1	0
10_679.jpg	0	0	1	0
10_439.jpg	0	0	1	0
10_133.jpg	0	0	1	0
10_707.jpg	0	0	1	0
10_591.jpg	0	0	1	0
09_1078.jpg	0	0	1	0
10_49.jpg	0	0	1	0
11_3252.jpg	0	0	1	0
10_203.jpg	0	0	1	0
09_1917.jpg	0	0	1	0
10_541.jpg	0	0	1	0
10_609.jpg	0	0	1	0
10_304.jpg	0	0	1	0
10_415.jpg	0	0	1	0
11_1359.jpg	0	0	1	0
10_390.jpg	0	0	1	0
10_279.jpg	0	0	1	0
10_763.jpg	0	0	1	0
10_391.jpg	0	0	1	0
10_511.jpg	0	0	1	0
10_727.jpg	0	0	1	0
09_429.jpg	0	0	1	0
10_275.jpg	0	0	1	0
10_448.jpg	0	0	1	0
10_446.jpg	0	0	1	0
10_442.jpg	0	0	1	0
09_1912.jpg	0	0	1	0
11_3247.jpg	0	0	1	0
10_496.jpg	0	0	1	0
10_594.jpg	0	0	1	0
10_85.jpg	0	0	1	0
10_120.jpg	0	0	1	0
10_430.jpg	0	0	1	0
10_538.jpg	0	0	1	0
10_248.jpg	0	0	1	0
10_36.jpg	0	0	1	0
10_157.jpg	0	0	1	0
10_132.jpg	0	0	1	0
11_1739.jpg	0	0	1	0
10_467.jpg	0	0	1	0
10_139.jpg	0	0	1	0
10_775.jpg	0	0	1	0
10_369.jpg	0	0	1	0
10_433.jpg	0	0	1	0
10_244.jpg	0	0	1	0
10_78.jpg	0	0	1	0
10_652.jpg	0	0	1	0
10_98.jpg	0	0	1	0
10_20.jpg	0	0	1	0
10_336.jpg	0	0	1	0
10_543.jpg	0	0	1	0
10_339.jpg	0	0	1	0
10_243.jpg	0	0	1	0
10_89.jpg	0	0	1	0
09_125.jpg	0	0	1	0
10_657.jpg	0	0	1	0
10_647.jpg	0	0	1	0
09_918.jpg	0	0	1	0
10_186.jpg	0	0	1	0
10_463.jpg	0	0	1	0
10_525.jpg	0	0	1	0
10_172.jpg	0	0	1	0
10_367.jpg	0	0	1	0
10_341.jpg	0	0	1	0
10_191.jpg	0	0	1	0
10_149.jpg	0	0	1	0
10_229.jpg	0	0	1	0
10_342.jpg	0	0	1	0
10_555.jpg	0	0	1	0
10_08.jpg	0	0	1	0
10_545.jpg	0	0	1	0
10_334.jpg	0	0	1	0
10_67.jpg	0	0	1	0
10_783.jpg	0	0	1	0
10_789.jpg	0	0	1	0
10_155.jpg	0	0	1	0
10_718.jpg	0	0	1	0
10_32.jpg	0	0	1	0
10_09.jpg	0	0	1	0
10_694.jpg	0	0	1	0
11_1906.jpg	0	0	1	0
10_220.jpg	0	0	1	0
10_266.jpg	0	0	1	0
10_343.jpg	0	0	1	0
10_688.jpg	0	0	1	0
10_213.jpg	0	0	1	0
10_506.jpg	0	0	1	0
11_2961.jpg	0	0	1	0
10_460.jpg	0	0	1	0
10_261.jpg	0	0	1	0
10_674.jpg	0	0	1	0
10_544.jpg	0	0	1	0
08_89.jpg	0	0	1	0
10_607.jpg	0	0	1	0
10_45.jpg	0	0	1	0
10_550.jpg	0	0	1	0
10_606.jpg	0	0	1	0
11_3246.jpg	0	0	1	0
10_791.jpg	0	0	1	0
10_159.jpg	0	0	1	0
10_751.jpg	0	0	1	0
10_38.jpg	0	0	1	0
10_249.jpg	0	0	1	0
10_508.jpg	0	0	1	0
10_208.jpg	0	0	1	0
10_269.jpg	0	0	1	0
10_25.jpg	0	0	1	0
10_321.jpg	0	0	1	0
10_626.jpg	0	0	1	0
10_50.jpg	0	0	1	0
10_620.jpg	0	0	1	0
10_480.jpg	0	0	1	0
11_2959.jpg	0	0	1	0
10_15.jpg	0	0	1	0
10_04.jpg	0	0	1	0
10_325.jpg	0	0	1	0
11_281.jpg	0	0	1	0
10_490.jpg	0	0	1	0
10_764.jpg	0	0	1	0
09_736.jpg	0	0	1	0
10_383.jpg	0	0	1	0
10_374.jpg	0	0	1	0
10_611.jpg	0	0	1	0
10_529.jpg	0	0	1	0
10_392.jpg	0	0	1	0
10_815.jpg	0	0	1	0
09_2059.jpg	0	0	1	0
10_292.jpg	0	0	1	0
10_800.jpg	0	0	1	0
10_276.jpg	0	0	1	0
09_282.jpg	0	0	1	0
10_245.jpg	0	0	1	0
10_714.jpg	0	0	1	0
10_499.jpg	0	0	1	0
10_122.jpg	0	0	1	0
10_592.jpg	0	0	1	0
10_425.jpg	0	0	1	0
10_570.jpg	0	0	1	0
10_533.jpg	0	0	1	0
11_1736.jpg	0	0	1	0
10_437.jpg	0	0	1	0
10_744.jpg	0	0	1	0
10_535.jpg	0	0	1	0
10_651.jpg	0	0	1	0
10_447.jpg	0	0	1	0
10_247.jpg	0	0	1	0
10_766.jpg	0	0	1	0
10_358.jpg	0	0	1	0
10_719.jpg	0	0	1	0
10_256.jpg	0	0	1	0
11_1908.jpg	0	0	1	0
10_559.jpg	0	0	1	0
10_87.jpg	0	0	1	0
10_567.jpg	0	0	1	0
10_613.jpg	0	0	1	0
10_141.jpg	0	0	1	0
10_24.jpg	0	0	1	0
10_84.jpg	0	0	1	0
10_148.jpg	0	0	1	0
10_483.jpg	0	0	1	0
10_115.jpg	0	0	1	0
10_735.jpg	0	0	1	0
10_579.jpg	0	0	1	0
10_668.jpg	0	0	1	0
10_263.jpg	0	0	1	0
10_35.jpg	0	0	1	0
10_418.jpg	0	0	1	0
09_1913.jpg	0	0	1	0
09_920.jpg	0	0	1	0
10_190.jpg	0	0	1	0
10_171.jpg	0	0	1	0
09_1915.jpg	0	0	1	0
10_698.jpg	0	0	1	0
10_39.jpg	0	0	1	0
10_377.jpg	0	0	1	0
10_240.jpg	0	0	1	0
10_432.jpg	0	0	1	0
10_347.jpg	0	0	1	0
11_3253.jpg	0	0	1	0
10_660.jpg	0	0	1	0
11_1926.jpg	0	0	1	0
10_564.jpg	0	0	1	0
10_202.jpg	0	0	1	0
10_265.jpg	0	0	1	0
10_436.jpg	0	0	1	0
10_536.jpg	0	0	1	0
10_731.jpg	0	0	1	0
10_340.jpg	0	0	1	0
10_43.jpg	0	0	1	0
09_2057.jpg	0	0	1	0
10_72.jpg	0	0	1	0
10_637.jpg	0	0	1	0
10_732.jpg	0	0	1	0
10_192.jpg	0	0	1	0
10_114.jpg	0	0	1	0
09_1914.jpg	0	0	1	0
10_706.jpg	0	0	1	0
10_386.jpg	0	0	1	0
10_767.jpg	0	0	1	0
10_493.jpg	0	0	1	0
10_793.jpg	0	0	1	0
10_346.jpg	0	0	1	0
10_51.jpg	0	0	1	0
10_397.jpg	0	0	1	0
10_228.jpg	0	0	1	0
10_46.jpg	0	0	1	0
10_666.jpg	0	0	1	0
10_215.jpg	0	0	1	0
10_468.jpg	0	0	1	0
10_654.jpg	0	0	1	0
10_723.jpg	0	0	1	0
10_416.jpg	0	0	1	0
10_210.jpg	0	0	1	0
10_540.jpg	0	0	1	0
10_214.jpg	0	0	1	0
10_241.jpg	0	0	1	0
10_96.jpg	0	0	1	0
10_231.jpg	0	0	1	0
10_702.jpg	0	0	1	0
10_312.jpg	0	0	1	0
10_273.jpg	0	0	1	0
10_174.jpg	0	0	1	0
10_313.jpg	0	0	1	0
11_1361.jpg	0	0	1	0
10_317.jpg	0	0	1	0
10_429.jpg	0	0	1	0
10_298.jpg	0	0	1	0
11_1923.jpg	0	0	1	0
10_807.jpg	0	0	1	0
10_47.jpg	0	0	1	0
10_689.jpg	0	0	1	0
11_1358.jpg	0	0	1	0
10_99.jpg	0	0	1	0
09_283.jpg	0	0	1	0
10_309.jpg	0	0	1	0
10_724.jpg	0	0	1	0
10_338.jpg	0	0	1	0
10_305.jpg	0	0	1	0
10_271.jpg	0	0	1	0
09_279.jpg	0	0	1	0
09_1161.jpg	0	0	1	0
10_500.jpg	0	0	1	0
10_274.jpg	0	0	1	0
09_126.jpg	0	0	1	0
10_573.jpg	0	0	1	0
10_542.jpg	0	0	1	0
10_599.jpg	0	0	1	0
10_639.jpg	0	0	1	0
10_156.jpg	0	0	1	0
10_255.jpg	0	0	1	0
10_752.jpg	0	0	1	0
10_254.jpg	0	0	1	0
10_40.jpg	0	0	1	0
10_479.jpg	0	0	1	0
10_272.jpg	0	0	1	0
10_197.jpg	0	0	1	0
10_163.jpg	0	0	1	0
10_239.jpg	0	0	1	0
10_554.jpg	0	0	1	0
10_07.jpg	0	0	1	0
10_320.jpg	0	0	1	0
10_19.jpg	0	0	1	0
11_1905.jpg	0	0	1	0
10_235.jpg	0	0	1	0
10_692.jpg	0	0	1	0
10_409.jpg	0	0	1	0
10_66.jpg	0	0	1	0
10_452.jpg	0	0	1	0
10_110.jpg	0	0	1	0
10_109.jpg	0	0	1	0
10_230.jpg	0	0	1	0
09_121.jpg	0	0	1	0
09_919.jpg	0	0	1	0
10_221.jpg	0	0	1	0
10_75.jpg	0	0	1	0
10_537.jpg	0	0	1	0
10_761.jpg	0	0	1	0
10_507.jpg	0	0	1	0
10_164.jpg	0	0	1	0
10_519.jpg	0	0	1	0
10_371.jpg	0	0	1	0
10_485.jpg	0	0	1	0
10_720.jpg	0	0	1	0
10_810.jpg	0	0	1	0
10_663.jpg	0	0	1	0
10_55.jpg	0	0	1	0
10_360.jpg	0	0	1	0
10_658.jpg	0	0	1	0
10_787.jpg	0	0	1	0
10_502.jpg	0	0	1	0
09_03.jpg	0	0	1	0
10_487.jpg	0	0	1	0
10_722.jpg	0	0	1	0
10_296.jpg	0	0	1	0
10_54.jpg	0	0	1	0
10_359.jpg	0	0	1	0
10_193.jpg	0	0	1	0
10_710.jpg	0	0	1	0
09_1159.jpg	0	0	1	0
10_104.jpg	0	0	1	0
10_711.jpg	0	0	1	0
10_569.jpg	0	0	1	0
10_372.jpg	0	0	1	0
10_806.jpg	0	0	1	0
10_11.jpg	0	0	1	0
10_530.jpg	0	0	1	0
10_588.jpg	0	0	1	0
10_251.jpg	0	0	1	0
10_323.jpg	0	0	1	0
10_233.jpg	0	0	1	0
10_140.jpg	0	0	1	0
10_333.jpg	0	0	1	0
10_102.jpg	0	0	1	0
10_417.jpg	0	0	1	0
10_403.jpg	0	0	1	0
10_811.jpg	0	0	1	0
10_90.jpg	0	0	1	0
10_335.jpg	0	0	1	0
10_644.jpg	0	0	1	0
10_489.jpg	0	0	1	0
10_420.jpg	0	0	1	0
10_614.jpg	0	0	1	0
10_539.jpg	0	0	1	0
10_678.jpg	0	0	1	0
10_747.jpg	0	0	1	0
10_126.jpg	0	0	1	0
09_1160.jpg	0	0	1	0
10_128.jpg	0	0	1	0
10_765.jpg	0	0	1	0
10_478.jpg	0	0	1	0
10_134.jpg	0	0	1	0
10_179.jpg	0	0	1	0
10_498.jpg	0	0	1	0
10_206.jpg	0	0	1	0
10_643.jpg	0	0	1	0
10_733.jpg	0	0	1	0
10_481.jpg	0	0	1	0
10_801.jpg	0	0	1	0
10_71.jpg	0	0	1	0
10_582.jpg	0	0	1	0
10_17.jpg	0	0	1	0
10_52.jpg	0	0	1	0
09_1158.jpg	0	0	1	0
10_743.jpg	0	0	1	0
10_154.jpg	0	0	1	0
10_373.jpg	0	0	1	0
10_769.jpg	0	0	1	0
09_280.jpg	0	0	1	0
10_356.jpg	0	0	1	0
10_184.jpg	0	0	1	0
10_180.jpg	0	0	1	0
10_531.jpg	0	0	1	0
10_375.jpg	0	0	1	0
10_280.jpg	0	0	1	0
10_648.jpg	0	0	1	0
10_137.jpg	0	0	1	0
10_21.jpg	0	0	1	0
10_232.jpg	0	0	1	0
10_165.jpg	0	0	1	0
10_459.jpg	0	0	1	0
10_796.jpg	0	0	1	0
10_520.jpg	0	0	1	0
10_790.jpg	0	0	1	0
09_122.jpg	0	0	1	0
10_376.jpg	0	0	1	0
10_568.jpg	0	0	1	0
10_398.jpg	0	0	1	0
10_583.jpg	0	0	1	0
10_729.jpg	0	0	1	0
10_813.jpg	0	0	1	0
10_808.jpg	0	0	1	0
09_05.jpg	0	0	1	0
10_419.jpg	0	0	1	0
10_13.jpg	0	0	1	0
10_794.jpg	0	0	1	0
11_1735.jpg	0	0	1	0
10_523.jpg	0	0	1	0
10_77.jpg	0	0	1	0
10_580.jpg	0	0	1	0
10_527.jpg	0	0	1	0
10_431.jpg	0	0	1	0
10_258.jpg	0	0	1	0
10_784.jpg	0	0	1	0
10_649.jpg	0	0	1	0
10_357.jpg	0	0	1	0
10_782.jpg	0	0	1	0
10_682.jpg	0	0	1	0
10_662.jpg	0	0	1	0
10_638.jpg	0	0	1	0
10_250.jpg	0	0	1	0
10_119.jpg	0	0	1	0
10_738.jpg	0	0	1	0
09_2060.jpg	0	0	1	0
10_41.jpg	0	0	1	0
10_42.jpg	0	0	1	0
10_187.jpg	0	0	1	0
09_2055.jpg	0	0	1	0
10_414.jpg	0	0	1	0
10_605.jpg	0	0	1	0
10_553.jpg	0	0	1	0
10_194.jpg	0	0	1	0
10_393.jpg	0	0	1	0
10_402.jpg	0	0	1	0
09_123.jpg	0	0	1	0
10_53.jpg	0	0	1	0
10_413.jpg	0	0	1	0
10_318.jpg	0	0	1	0
11_1738.jpg	0	0	1	0
10_278.jpg	0	0	1	0
10_94.jpg	0	0	1	0
10_477.jpg	0	0	1	0
10_451.jpg	0	0	1	0
09_2058.jpg	0	0	1	0
10_680.jpg	0	0	1	0
10_361.jpg	0	0	1	0
10_316.jpg	0	0	1	0
10_48.jpg	0	0	1	0
10_681.jpg	0	0	1	0
10_438.jpg	0	0	1	0
11_3248.jpg	0	0	1	0
10_780.jpg	0	0	1	0
10_344.jpg	0	0	1	0
10_14.jpg	0	0	1	0
10_700.jpg	0	0	1	0
10_457.jpg	0	0	1	0
10_572.jpg	0	0	1	0
10_22.jpg	0	0	1	0
09_917.jpg	0	0	1	0
10_650.jpg	0	0	1	0
10_253.jpg	0	0	1	0
10_105.jpg	0	0	1	0
10_435.jpg	0	0	1	0
11_280.jpg	0	0	1	0
10_612.jpg	0	0	1	0
10_204.jpg	0	0	1	0
10_474.jpg	0	0	1	0
10_404.jpg	0	0	1	0
10_528.jpg	0	0	1	0
10_252.jpg	0	0	1	0
10_786.jpg	0	0	1	0
10_267.jpg	0	0	1	0
09_2056.jpg	0	0	1	0
10_270.jpg	0	0	1	0
10_753.jpg	0	0	1	0
10_295.jpg	0	0	1	0
11_1909.jpg	0	0	1	0
10_664.jpg	0	0	1	0
09_04.jpg	0	0	1	0
10_181.jpg	0	0	1	0
10_596.jpg	0	0	1	0
11_1907.jpg	0	0	1	0
10_686.jpg	0	0	1	0
10_760.jpg	0	0	1	0
10_655.jpg	0	0	1	0
10_455.jpg	0	0	1	0
10_10.jpg	0	0	1	0
10_462.jpg	0	0	1	0
10_552.jpg	0	0	1	0
10_488.jpg	0	0	1	0
10_205.jpg	0	0	1	0
10_12.jpg	0	0	1	0
10_166.jpg	0	0	1	0
10_395.jpg	0	0	1	0
10_234.jpg	0	0	1	0
10_211.jpg	0	0	1	0
10_690.jpg	0	0	1	0
10_81.jpg	0	0	1	0
10_704.jpg	0	0	1	0
10_189.jpg	0	0	1	0
10_495.jpg	0	0	1	0
10_116.jpg	0	0	1	0
10_314.jpg	0	0	1	0
10_646.jpg	0	0	1	0
10_349.jpg	0	0	1	0
10_167.jpg	0	0	1	0
10_532.jpg	0	0	1	0
10_617.jpg	0	0	1	0
09_735.jpg	0	0	1	0
10_779.jpg	0	0	1	0
10_788.jpg	0	0	1	0
10_56.jpg	0	0	1	0
10_604.jpg	0	0	1	0
10_759.jpg	0	0	1	0
10_608.jpg	0	0	1	0
10_450.jpg	0	0	1	0
10_590.jpg	0	0	1	0
10_125.jpg	0	0	1	0
10_365.jpg	0	0	1	0
10_86.jpg	0	0	1	0
11_2743.jpg	0	0	1	0
10_589.jpg	0	0	1	0
10_257.jpg	0	0	1	0
10_173.jpg	0	0	1	0
09_120.jpg	0	0	1	0
10_486.jpg	0	0	1	0
10_222.jpg	0	0	1	0
08_130.jpg	0	1	0	0
11_1434.jpg	0	1	0	0
11_08.jpg	0	1	0	0
11_673.jpg	0	1	0	0
09_575.jpg	0	1	0	0
09_325.jpg	0	1	0	0
11_22.jpg	0	1	0	0
09_457.jpg	0	1	0	0
09_1480.jpg	0	1	0	0
09_67.jpg	0	1	0	0
09_907.jpg	0	1	0	0
09_211.jpg	0	1	0	0
11_05.jpg	0	1	0	0
11_664.jpg	0	1	0	0
09_1124.jpg	0	1	0	0
11_2548.jpg	0	1	0	0
09_1107.jpg	0	1	0	0
09_1364.jpg	0	1	0	0
11_2524.jpg	0	1	0	0
09_1855.jpg	0	1	0	0
11_206.jpg	0	1	0	0
09_658.jpg	0	1	0	0
09_334.jpg	0	1	0	0
11_444.jpg	0	1	0	0
11_774.jpg	0	1	0	0
11_1730.jpg	0	1	0	0
09_1418.jpg	0	1	0	0
09_1754.jpg	0	1	0	0
09_240.jpg	0	1	0	0
11_1581.jpg	0	1	0	0
09_1625.jpg	0	1	0	0
11_2051.jpg	0	1	0	0
09_752.jpg	0	1	0	0
09_456.jpg	0	1	0	0
09_1100.jpg	0	1	0	0
09_1169.jpg	0	1	0	0
11_2078.jpg	0	1	0	0
09_548.jpg	0	1	0	0
09_1274.jpg	0	1	0	0
09_1501.jpg	0	1	0	0
11_1650.jpg	0	1	0	0
09_1254.jpg	0	1	0	0
11_2529.jpg	0	1	0	0
09_1620.jpg	0	1	0	0
11_1690.jpg	0	1	0	0
11_1900.jpg	0	1	0	0
09_551.jpg	0	1	0	0
11_2030.jpg	0	1	0	0
11_04.jpg	0	1	0	0
09_343.jpg	0	1	0	0
09_1422.jpg	0	1	0	0
09_1497.jpg	0	1	0	0
09_1946.jpg	0	1	0	0
09_1108.jpg	0	1	0	0
11_3257.jpg	0	1	0	0
11_3027.jpg	0	1	0	0
09_909.jpg	0	1	0	0
11_2533.jpg	0	1	0	0
11_2214.jpg	0	1	0	0
09_159.jpg	0	1	0	0
11_2863.jpg	0	1	0	0
09_1590.jpg	0	1	0	0
09_1656.jpg	0	1	0	0
09_2065.jpg	0	1	0	0
09_709.jpg	0	1	0	0
09_69.jpg	0	1	0	0
11_2231.jpg	0	1	0	0
09_633.jpg	0	1	0	0
09_1223.jpg	0	1	0	0
09_1854.jpg	0	1	0	0
11_1651.jpg	0	1	0	0
11_2029.jpg	0	1	0	0
09_1325.jpg	0	1	0	0
11_2076.jpg	0	1	0	0
09_881.jpg	0	1	0	0
11_2336.jpg	0	1	0	0
09_1818.jpg	0	1	0	0
09_1350.jpg	0	1	0	0
11_1687.jpg	0	1	0	0
11_2538.jpg	0	1	0	0
09_288.jpg	0	1	0	0
11_186.jpg	0	1	0	0
11_2032.jpg	0	1	0	0
09_1736.jpg	0	1	0	0
09_52.jpg	0	1	0	0
09_1253.jpg	0	1	0	0
08_25.jpg	0	1	0	0
11_1503.jpg	0	1	0	0
11_1574.jpg	0	1	0	0
09_2051.jpg	0	1	0	0
09_690.jpg	0	1	0	0
08_78.jpg	0	1	0	0
09_111.jpg	0	1	0	0
09_828.jpg	0	1	0	0
09_395.jpg	0	1	0	0
09_47.jpg	0	1	0	0
09_843.jpg	0	1	0	0
09_1242.jpg	0	1	0	0
09_905.jpg	0	1	0	0
09_617.jpg	0	1	0	0
09_1232.jpg	0	1	0	0
11_1699.jpg	0	1	0	0
09_707.jpg	0	1	0	0
09_1130.jpg	0	1	0	0
11_475.jpg	0	1	0	0
09_1649.jpg	0	1	0	0
11_1402.jpg	0	1	0	0
09_1580.jpg	0	1	0	0
09_1463.jpg	0	1	0	0
11_1951.jpg	0	1	0	0
11_479.jpg	0	1	0	0
09_954.jpg	0	1	0	0
09_1591.jpg	0	1	0	0
09_640.jpg	0	1	0	0
09_1728.jpg	0	1	0	0
09_160.jpg	0	1	0	0
09_1554.jpg	0	1	0	0
11_1425.jpg	0	1	0	0
09_1655.jpg	0	1	0	0
09_45.jpg	0	1	0	0
09_202.jpg	0	1	0	0
11_2064.jpg	0	1	0	0
08_147.jpg	0	1	0	0
09_1298.jpg	0	1	0	0
09_387.jpg	0	1	0	0
11_1922.jpg	0	1	0	0
09_145.jpg	0	1	0	0
09_76.jpg	0	1	0	0
11_2965.jpg	0	1	0	0
09_361.jpg	0	1	0	0
08_169.jpg	0	1	0	0
11_2218.jpg	0	1	0	0
09_452.jpg	0	1	0	0
11_790.jpg	0	1	0	0
09_1502.jpg	0	1	0	0
09_413.jpg	0	1	0	0
11_2645.jpg	0	1	0	0
09_766.jpg	0	1	0	0
09_953.jpg	0	1	0	0
11_1443.jpg	0	1	0	0
09_1208.jpg	0	1	0	0
11_2169.jpg	0	1	0	0
09_1748.jpg	0	1	0	0
11_1396.jpg	0	1	0	0
09_1723.jpg	0	1	0	0
09_339.jpg	0	1	0	0
09_469.jpg	0	1	0	0
11_2339.jpg	0	1	0	0
11_3294.jpg	0	1	0	0
11_3195.jpg	0	1	0	0
09_1447.jpg	0	1	0	0
09_147.jpg	0	1	0	0
09_402.jpg	0	1	0	0
11_3191.jpg	0	1	0	0
09_103.jpg	0	1	0	0
09_158.jpg	0	1	0	0
11_3032.jpg	0	1	0	0
09_740.jpg	0	1	0	0
09_1444.jpg	0	1	0	0
11_719.jpg	0	1	0	0
09_1702.jpg	0	1	0	0
09_570.jpg	0	1	0	0
08_125.jpg	0	1	0	0
09_1408.jpg	0	1	0	0
09_1848.jpg	0	1	0	0
11_1899.jpg	0	1	0	0
11_3265.jpg	0	1	0	0
09_1827.jpg	0	1	0	0
11_3139.jpg	0	1	0	0
09_1812.jpg	0	1	0	0
09_129.jpg	0	1	0	0
11_20.jpg	0	1	0	0
09_220.jpg	0	1	0	0
09_541.jpg	0	1	0	0
11_121.jpg	0	1	0	0
11_2535.jpg	0	1	0	0
09_823.jpg	0	1	0	0
09_493.jpg	0	1	0	0
09_391.jpg	0	1	0	0
09_837.jpg	0	1	0	0
09_519.jpg	0	1	0	0
11_3262.jpg	0	1	0	0
11_521.jpg	0	1	0	0
11_1498.jpg	0	1	0	0
09_1094.jpg	0	1	0	0
09_1210.jpg	0	1	0	0
08_39.jpg	0	1	0	0
11_1688.jpg	0	1	0	0
09_668.jpg	0	1	0	0
09_912.jpg	0	1	0	0
09_702.jpg	0	1	0	0
09_1093.jpg	0	1	0	0
09_1423.jpg	0	1	0	0
09_1845.jpg	0	1	0	0
09_1251.jpg	0	1	0	0
09_577.jpg	0	1	0	0
08_80.jpg	0	1	0	0
09_328.jpg	0	1	0	0
09_827.jpg	0	1	0	0
09_1454.jpg	0	1	0	0
11_577.jpg	0	1	0	0
09_1715.jpg	0	1	0	0
11_1949.jpg	0	1	0	0
09_128.jpg	0	1	0	0
11_2664.jpg	0	1	0	0
09_778.jpg	0	1	0	0
09_1433.jpg	0	1	0	0
09_524.jpg	0	1	0	0
09_1880.jpg	0	1	0	0
11_2104.jpg	0	1	0	0
11_294.jpg	0	1	0	0
09_299.jpg	0	1	0	0
11_2369.jpg	0	1	0	0
09_1435.jpg	0	1	0	0
09_629.jpg	0	1	0	0
09_264.jpg	0	1	0	0
11_2537.jpg	0	1	0	0
11_1471.jpg	0	1	0	0
11_2542.jpg	0	1	0	0
11_608.jpg	0	1	0	0
11_2106.jpg	0	1	0	0
09_538.jpg	0	1	0	0
11_2342.jpg	0	1	0	0
11_443.jpg	0	1	0	0
11_1717.jpg	0	1	0	0
09_1942.jpg	0	1	0	0
09_761.jpg	0	1	0	0
11_3258.jpg	0	1	0	0
09_2013.jpg	0	1	0	0
09_2066.jpg	0	1	0	0
09_1624.jpg	0	1	0	0
09_879.jpg	0	1	0	0
09_489.jpg	0	1	0	0
09_1919.jpg	0	1	0	0
11_2103.jpg	0	1	0	0
09_430.jpg	0	1	0	0
11_613.jpg	0	1	0	0
09_1594.jpg	0	1	0	0
11_2534.jpg	0	1	0	0
11_2075.jpg	0	1	0	0
11_1487.jpg	0	1	0	0
11_323.jpg	0	1	0	0
09_637.jpg	0	1	0	0
08_113.jpg	0	1	0	0
09_713.jpg	0	1	0	0
09_561.jpg	0	1	0	0
09_1146.jpg	0	1	0	0
09_483.jpg	0	1	0	0
09_1182.jpg	0	1	0	0
09_1392.jpg	0	1	0	0
09_738.jpg	0	1	0	0
09_53.jpg	0	1	0	0
09_1869.jpg	0	1	0	0
11_2647.jpg	0	1	0	0
11_2203.jpg	0	1	0	0
11_2481.jpg	0	1	0	0
09_801.jpg	0	1	0	0
09_1540.jpg	0	1	0	0
08_52.jpg	0	1	0	0
09_340.jpg	0	1	0	0
09_1496.jpg	0	1	0	0
11_1765.jpg	0	1	0	0
09_2064.jpg	0	1	0	0
11_1393.jpg	0	1	0	0
09_1209.jpg	0	1	0	0
09_474.jpg	0	1	0	0
09_355.jpg	0	1	0	0
11_708.jpg	0	1	0	0
09_1172.jpg	0	1	0	0
09_520.jpg	0	1	0	0
11_2206.jpg	0	1	0	0
09_554.jpg	0	1	0	0
09_1586.jpg	0	1	0	0
11_1729.jpg	0	1	0	0
09_347.jpg	0	1	0	0
09_547.jpg	0	1	0	0
09_1724.jpg	0	1	0	0
11_473.jpg	0	1	0	0
11_267.jpg	0	1	0	0
09_1688.jpg	0	1	0	0
11_609.jpg	0	1	0	0
11_239.jpg	0	1	0	0
11_1489.jpg	0	1	0	0
11_3295.jpg	0	1	0	0
09_1765.jpg	0	1	0	0
11_3263.jpg	0	1	0	0
09_1115.jpg	0	1	0	0
09_1714.jpg	0	1	0	0
11_483.jpg	0	1	0	0
09_991.jpg	0	1	0	0
09_1522.jpg	0	1	0	0
09_1829.jpg	0	1	0	0
09_1086.jpg	0	1	0	0
11_1083.jpg	0	1	0	0
09_1357.jpg	0	1	0	0
11_2233.jpg	0	1	0	0
09_1047.jpg	0	1	0	0
11_394.jpg	0	1	0	0
11_431.jpg	0	1	0	0
11_3196.jpg	0	1	0	0
09_93.jpg	0	1	0	0
09_986.jpg	0	1	0	0
09_792.jpg	0	1	0	0
09_333.jpg	0	1	0	0
08_165.jpg	0	1	0	0
11_2367.jpg	0	1	0	0
09_21.jpg	0	1	0	0
11_3029.jpg	0	1	0	0
09_1852.jpg	0	1	0	0
11_2027.jpg	0	1	0	0
09_1426.jpg	0	1	0	0
09_710.jpg	0	1	0	0
11_897.jpg	0	1	0	0
08_29.jpg	0	1	0	0
09_354.jpg	0	1	0	0
09_1637.jpg	0	1	0	0
09_717.jpg	0	1	0	0
11_2654.jpg	0	1	0	0
11_1531.jpg	0	1	0	0
11_2539.jpg	0	1	0	0
09_348.jpg	0	1	0	0
09_458.jpg	0	1	0	0
09_313.jpg	0	1	0	0
08_26.jpg	0	1	0	0
09_1173.jpg	0	1	0	0
09_619.jpg	0	1	0	0
09_1062.jpg	0	1	0	0
11_2400.jpg	0	1	0	0
09_1414.jpg	0	1	0	0
11_2939.jpg	0	1	0	0
11_597.jpg	0	1	0	0
09_219.jpg	0	1	0	0
11_442.jpg	0	1	0	0
09_800.jpg	0	1	0	0
09_364.jpg	0	1	0	0
09_787.jpg	0	1	0	0
11_854.jpg	0	1	0	0
09_2000.jpg	0	1	0	0
11_3035.jpg	0	1	0	0
09_46.jpg	0	1	0	0
11_1734.jpg	0	1	0	0
11_202.jpg	0	1	0	0
09_1582.jpg	0	1	0	0
11_2484.jpg	0	1	0	0
11_2047.jpg	0	1	0	0
09_1653.jpg	0	1	0	0
11_1495.jpg	0	1	0	0
09_1689.jpg	0	1	0	0
09_1048.jpg	0	1	0	0
11_2099.jpg	0	1	0	0
11_1509.jpg	0	1	0	0
09_542.jpg	0	1	0	0
11_3322.jpg	0	1	0	0
11_2571.jpg	0	1	0	0
09_1244.jpg	0	1	0	0
09_07.jpg	0	1	0	0
09_477.jpg	0	1	0	0
11_2208.jpg	0	1	0	0
11_123.jpg	0	1	0	0
11_207.jpg	0	1	0	0
11_198.jpg	0	1	0	0
11_2658.jpg	0	1	0	0
11_2031.jpg	0	1	0	0
09_1940.jpg	0	1	0	0
09_2014.jpg	0	1	0	0
09_2003.jpg	0	1	0	0
09_357.jpg	0	1	0	0
09_1436.jpg	0	1	0	0
09_995.jpg	0	1	0	0
09_416.jpg	0	1	0	0
09_192.jpg	0	1	0	0
09_861.jpg	0	1	0	0
09_1585.jpg	0	1	0	0
11_25.jpg	0	1	0	0
09_1888.jpg	0	1	0	0
09_239.jpg	0	1	0	0
11_2557.jpg	0	1	0	0
09_747.jpg	0	1	0	0
09_426.jpg	0	1	0	0
09_816.jpg	0	1	0	0
09_845.jpg	0	1	0	0
09_985.jpg	0	1	0	0
11_1506.jpg	0	1	0	0
09_836.jpg	0	1	0	0
11_201.jpg	0	1	0	0
09_926.jpg	0	1	0	0
09_150.jpg	0	1	0	0
11_538.jpg	0	1	0	0
09_247.jpg	0	1	0	0
09_409.jpg	0	1	0	0
08_110.jpg	0	1	0	0
09_743.jpg	0	1	0	0
09_1460.jpg	0	1	0	0
09_659.jpg	0	1	0	0
11_1494.jpg	0	1	0	0
09_1661.jpg	0	1	0	0
09_90.jpg	0	1	0	0
09_101.jpg	0	1	0	0
11_2569.jpg	0	1	0	0
11_1505.jpg	0	1	0	0
10_407.jpg	0	1	0	0
11_593.jpg	0	1	0	0
09_1762.jpg	0	1	0	0
11_1950.jpg	0	1	0	0
09_833.jpg	0	1	0	0
11_468.jpg	0	1	0	0
11_3140.jpg	0	1	0	0
09_2068.jpg	0	1	0	0
09_822.jpg	0	1	0	0
11_124.jpg	0	1	0	0
09_1833.jpg	0	1	0	0
09_115.jpg	0	1	0	0
09_1351.jpg	0	1	0	0
09_1528.jpg	0	1	0	0
09_1900.jpg	0	1	0	0
09_1612.jpg	0	1	0	0
11_598.jpg	0	1	0	0
11_386.jpg	0	1	0	0
09_1102.jpg	0	1	0	0
11_2049.jpg	0	1	0	0
08_111.jpg	0	1	0	0
09_1341.jpg	0	1	0	0
08_160.jpg	0	1	0	0
09_1978.jpg	0	1	0	0
11_3261.jpg	0	1	0	0
09_442.jpg	0	1	0	0
09_936.jpg	0	1	0	0
09_716.jpg	0	1	0	0
09_1602.jpg	0	1	0	0
11_3066.jpg	0	1	0	0
09_1641.jpg	0	1	0	0
11_2523.jpg	0	1	0	0
09_1588.jpg	0	1	0	0
09_1014.jpg	0	1	0	0
09_729.jpg	0	1	0	0
09_1807.jpg	0	1	0	0
09_616.jpg	0	1	0	0
09_386.jpg	0	1	0	0
11_1497.jpg	0	1	0	0
09_1085.jpg	0	1	0	0
09_2052.jpg	0	1	0	0
11_1668.jpg	0	1	0	0
09_414.jpg	0	1	0	0
09_434.jpg	0	1	0	0
09_1719.jpg	0	1	0	0
11_2097.jpg	0	1	0	0
11_1033.jpg	0	1	0	0
09_1750.jpg	0	1	0	0
09_1508.jpg	0	1	0	0
09_603.jpg	0	1	0	0
09_256.jpg	0	1	0	0
09_1838.jpg	0	1	0	0
09_491.jpg	0	1	0	0
09_443.jpg	0	1	0	0
09_748.jpg	0	1	0	0
11_17.jpg	0	1	0	0
11_2525.jpg	0	1	0	0
11_3187.jpg	0	1	0	0
08_34.jpg	0	1	0	0
09_741.jpg	0	1	0	0
11_1611.jpg	0	1	0	0
11_11.jpg	0	1	0	0
09_1486.jpg	0	1	0	0
08_99.jpg	0	1	0	0
11_1924.jpg	0	1	0	0
11_1426.jpg	0	1	0	0
11_720.jpg	0	1	0	0
11_3198.jpg	0	1	0	0
11_197.jpg	0	1	0	0
09_314.jpg	0	1	0	0
09_1387.jpg	0	1	0	0
11_2644.jpg	0	1	0	0
09_1458.jpg	0	1	0	0
09_1464.jpg	0	1	0	0
09_148.jpg	0	1	0	0
09_821.jpg	0	1	0	0
09_310.jpg	0	1	0	0
11_1444.jpg	0	1	0	0
11_1695.jpg	0	1	0	0
09_1846.jpg	0	1	0	0
09_1471.jpg	0	1	0	0
09_760.jpg	0	1	0	0
11_2651.jpg	0	1	0	0
11_2865.jpg	0	1	0	0
09_805.jpg	0	1	0	0
11_469.jpg	0	1	0	0
09_550.jpg	0	1	0	0
09_850.jpg	0	1	0	0
09_341.jpg	0	1	0	0
09_228.jpg	0	1	0	0
09_104.jpg	0	1	0	0
09_1825.jpg	0	1	0	0
11_1955.jpg	0	1	0	0
09_544.jpg	0	1	0	0
09_246.jpg	0	1	0	0
09_994.jpg	0	1	0	0
09_35.jpg	0	1	0	0
09_1265.jpg	0	1	0	0
11_2968.jpg	0	1	0	0
09_396.jpg	0	1	0	0
09_1712.jpg	0	1	0	0
11_2234.jpg	0	1	0	0
11_1948.jpg	0	1	0	0
09_1432.jpg	0	1	0	0
11_1728.jpg	0	1	0	0
09_1375.jpg	0	1	0	0
09_227.jpg	0	1	0	0
09_1308.jpg	0	1	0	0
09_1125.jpg	0	1	0	0
09_255.jpg	0	1	0	0
09_1729.jpg	0	1	0	0
09_102.jpg	0	1	0	0
09_1420.jpg	0	1	0	0
09_1831.jpg	0	1	0	0
09_1370.jpg	0	1	0	0
09_1537.jpg	0	1	0	0
11_2981.jpg	0	1	0	0
11_21.jpg	0	1	0	0
11_1769.jpg	0	1	0	0
09_1053.jpg	0	1	0	0
09_1461.jpg	0	1	0	0
09_1510.jpg	0	1	0	0
11_3186.jpg	0	1	0	0
09_1815.jpg	0	1	0	0
09_1459.jpg	0	1	0	0
09_17.jpg	0	1	0	0
09_49.jpg	0	1	0	0
09_1168.jpg	0	1	0	0
11_2947.jpg	0	1	0	0
11_2175.jpg	0	1	0	0
09_1908.jpg	0	1	0	0
09_1806.jpg	0	1	0	0
09_755.jpg	0	1	0	0
09_848.jpg	0	1	0	0
09_353.jpg	0	1	0	0
09_1529.jpg	0	1	0	0
08_53.jpg	0	1	0	0
09_1010.jpg	0	1	0	0
09_1811.jpg	0	1	0	0
11_2967.jpg	0	1	0	0
09_1049.jpg	0	1	0	0
11_1084.jpg	0	1	0	0
09_1174.jpg	0	1	0	0
11_1725.jpg	0	1	0	0
09_1816.jpg	0	1	0	0
11_1582.jpg	0	1	0	0
09_73.jpg	0	1	0	0
09_262.jpg	0	1	0	0
09_1266.jpg	0	1	0	0
09_37.jpg	0	1	0	0
09_1617.jpg	0	1	0	0
09_558.jpg	0	1	0	0
09_1578.jpg	0	1	0	0
09_1672.jpg	0	1	0	0
09_1720.jpg	0	1	0	0
11_2766.jpg	0	1	0	0
09_149.jpg	0	1	0	0
09_818.jpg	0	1	0	0
09_54.jpg	0	1	0	0
08_03.jpg	0	1	0	0
09_1009.jpg	0	1	0	0
09_1519.jpg	0	1	0	0
09_935.jpg	0	1	0	0
11_662.jpg	0	1	0	0
09_222.jpg	0	1	0	0
09_1313.jpg	0	1	0	0
09_1457.jpg	0	1	0	0
09_878.jpg	0	1	0	0
09_226.jpg	0	1	0	0
11_2376.jpg	0	1	0	0
09_1500.jpg	0	1	0	0
09_527.jpg	0	1	0	0
09_40.jpg	0	1	0	0
11_1754.jpg	0	1	0	0
11_1533.jpg	0	1	0	0
09_1976.jpg	0	1	0	0
09_802.jpg	0	1	0	0
09_1511.jpg	0	1	0	0
11_2173.jpg	0	1	0	0
11_122.jpg	0	1	0	0
09_1119.jpg	0	1	0	0
09_433.jpg	0	1	0	0
09_1098.jpg	0	1	0	0
09_1179.jpg	0	1	0	0
11_2536.jpg	0	1	0	0
09_1660.jpg	0	1	0	0
09_1964.jpg	0	1	0	0
09_1945.jpg	0	1	0	0
09_1466.jpg	0	1	0	0
09_509.jpg	0	1	0	0
11_1609.jpg	0	1	0	0
08_43.jpg	0	1	0	0
11_2045.jpg	0	1	0	0
09_1741.jpg	0	1	0	0
11_574.jpg	0	1	0	0
11_2566.jpg	0	1	0	0
09_648.jpg	0	1	0	0
11_1913.jpg	0	1	0	0
09_1995.jpg	0	1	0	0
11_277.jpg	0	1	0	0
09_1901.jpg	0	1	0	0
09_1716.jpg	0	1	0	0
11_482.jpg	0	1	0	0
09_698.jpg	0	1	0	0
09_856.jpg	0	1	0	0
09_388.jpg	0	1	0	0
09_796.jpg	0	1	0	0
11_856.jpg	0	1	0	0
09_1352.jpg	0	1	0	0
11_1705.jpg	0	1	0	0
09_105.jpg	0	1	0	0
11_2217.jpg	0	1	0	0
09_1583.jpg	0	1	0	0
09_853.jpg	0	1	0	0
09_762.jpg	0	1	0	0
09_344.jpg	0	1	0	0
11_2643.jpg	0	1	0	0
09_113.jpg	0	1	0	0
09_1767.jpg	0	1	0	0
11_2554.jpg	0	1	0	0
11_3072.jpg	0	1	0	0
09_545.jpg	0	1	0	0
08_37.jpg	0	1	0	0
09_595.jpg	0	1	0	0
09_1650.jpg	0	1	0	0
09_1731.jpg	0	1	0	0
11_1468.jpg	0	1	0	0
09_1948.jpg	0	1	0	0
09_553.jpg	0	1	0	0
11_2066.jpg	0	1	0	0
09_1129.jpg	0	1	0	0
09_992.jpg	0	1	0	0
09_523.jpg	0	1	0	0
09_1389.jpg	0	1	0	0
09_1419.jpg	0	1	0	0
11_672.jpg	0	1	0	0
11_1731.jpg	0	1	0	0
11_1490.jpg	0	1	0	0
09_1306.jpg	0	1	0	0
11_437.jpg	0	1	0	0
09_1312.jpg	0	1	0	0
11_2641.jpg	0	1	0	0
09_324.jpg	0	1	0	0
11_1390.jpg	0	1	0	0
11_208.jpg	0	1	0	0
09_162.jpg	0	1	0	0
09_196.jpg	0	1	0	0
09_1883.jpg	0	1	0	0
09_1563.jpg	0	1	0	0
09_1092.jpg	0	1	0	0
11_1715.jpg	0	1	0	0
11_1530.jpg	0	1	0	0
09_1456.jpg	0	1	0	0
11_2531.jpg	0	1	0	0
09_557.jpg	0	1	0	0
11_1915.jpg	0	1	0	0
11_2077.jpg	0	1	0	0
11_16.jpg	0	1	0	0
09_1409.jpg	0	1	0	0
09_789.jpg	0	1	0	0
09_1823.jpg	0	1	0	0
11_1767.jpg	0	1	0	0
09_1473.jpg	0	1	0	0
09_1584.jpg	0	1	0	0
09_1763.jpg	0	1	0	0
09_686.jpg	0	1	0	0
09_1278.jpg	0	1	0	0
11_1753.jpg	0	1	0	0
09_1097.jpg	0	1	0	0
09_1004.jpg	0	1	0	0
09_1810.jpg	0	1	0	0
09_602.jpg	0	1	0	0
09_809.jpg	0	1	0	0
09_1058.jpg	0	1	0	0
11_1652.jpg	0	1	0	0
09_1326.jpg	0	1	0	0
11_3028.jpg	0	1	0	0
09_1516.jpg	0	1	0	0
09_1256.jpg	0	1	0	0
09_304.jpg	0	1	0	0
11_1363.jpg	0	1	0	0
11_800.jpg	0	1	0	0
09_89.jpg	0	1	0	0
11_1694.jpg	0	1	0	0
09_244.jpg	0	1	0	0
11_2864.jpg	0	1	0	0
09_939.jpg	0	1	0	0
09_1132.jpg	0	1	0	0
08_81.jpg	0	1	0	0
09_203.jpg	0	1	0	0
09_1836.jpg	0	1	0	0
09_1355.jpg	0	1	0	0
09_556.jpg	0	1	0	0
09_405.jpg	0	1	0	0
09_438.jpg	0	1	0	0
09_1606.jpg	0	1	0	0
09_393.jpg	0	1	0	0
09_1314.jpg	0	1	0	0
11_1576.jpg	0	1	0	0
09_1850.jpg	0	1	0	0
11_1610.jpg	0	1	0	0
11_808.jpg	0	1	0	0
09_1469.jpg	0	1	0	0
11_3036.jpg	0	1	0	0
09_1101.jpg	0	1	0	0
09_72.jpg	0	1	0	0
09_1732.jpg	0	1	0	0
09_1369.jpg	0	1	0	0
09_952.jpg	0	1	0	0
09_146.jpg	0	1	0	0
11_1722.jpg	0	1	0	0
09_08.jpg	0	1	0	0
09_826.jpg	0	1	0	0
09_1136.jpg	0	1	0	0
11_210.jpg	0	1	0	0
11_03.jpg	0	1	0	0
11_2465.jpg	0	1	0	0
11_480.jpg	0	1	0	0
11_436.jpg	0	1	0	0
09_320.jpg	0	1	0	0
09_1726.jpg	0	1	0	0
09_26.jpg	0	1	0	0
09_1262.jpg	0	1	0	0
09_1805.jpg	0	1	0	0
09_1081.jpg	0	1	0	0
09_1599.jpg	0	1	0	0
09_572.jpg	0	1	0	0
09_485.jpg	0	1	0	0
09_630.jpg	0	1	0	0
09_1380.jpg	0	1	0	0
09_724.jpg	0	1	0	0
09_22.jpg	0	1	0	0
09_567.jpg	0	1	0	0
09_1611.jpg	0	1	0	0
08_79.jpg	0	1	0	0
11_2377.jpg	0	1	0	0
09_814.jpg	0	1	0	0
11_2065.jpg	0	1	0	0
11_321.jpg	0	1	0	0
09_1839.jpg	0	1	0	0
09_1342.jpg	0	1	0	0
09_1475.jpg	0	1	0	0
11_1492.jpg	0	1	0	0
09_367.jpg	0	1	0	0
09_1881.jpg	0	1	0	0
11_2213.jpg	0	1	0	0
09_1224.jpg	0	1	0	0
09_18.jpg	0	1	0	0
09_1654.jpg	0	1	0	0
11_1614.jpg	0	1	0	0
11_1442.jpg	0	1	0	0
11_1496.jpg	0	1	0	0
09_1735.jpg	0	1	0	0
09_1233.jpg	0	1	0	0
11_1392.jpg	0	1	0	0
09_742.jpg	0	1	0	0
08_174.jpg	0	1	0	0
09_1903.jpg	0	1	0	0
09_1340.jpg	0	1	0	0
09_726.jpg	0	1	0	0
09_09.jpg	0	1	0	0
11_1749.jpg	0	1	0	0
09_574.jpg	0	1	0	0
09_1927.jpg	0	1	0	0
08_70.jpg	0	1	0	0
11_484.jpg	0	1	0	0
11_1469.jpg	0	1	0	0
11_1732.jpg	0	1	0	0
09_1785.jpg	0	1	0	0
09_13.jpg	0	1	0	0
09_83.jpg	0	1	0	0
09_1449.jpg	0	1	0	0
09_1109.jpg	0	1	0	0
09_257.jpg	0	1	0	0
09_1703.jpg	0	1	0	0
11_2866.jpg	0	1	0	0
09_1059.jpg	0	1	0	0
09_2012.jpg	0	1	0	0
11_791.jpg	0	1	0	0
09_983.jpg	0	1	0	0
09_797.jpg	0	1	0	0
11_1538.jpg	0	1	0	0
11_2204.jpg	0	1	0	0
11_189.jpg	0	1	0	0
09_359.jpg	0	1	0	0
09_1705.jpg	0	1	0	0
11_600.jpg	0	1	0	0
09_635.jpg	0	1	0	0
09_1718.jpg	0	1	0	0
11_472.jpg	0	1	0	0
11_382.jpg	0	1	0	0
09_318.jpg	0	1	0	0
09_411.jpg	0	1	0	0
09_773.jpg	0	1	0	0
11_599.jpg	0	1	0	0
09_1907.jpg	0	1	0	0
09_1111.jpg	0	1	0	0
11_2480.jpg	0	1	0	0
09_1163.jpg	0	1	0	0
09_618.jpg	0	1	0	0
11_806.jpg	0	1	0	0
11_212.jpg	0	1	0	0
09_403.jpg	0	1	0	0
11_1921.jpg	0	1	0	0
09_1867.jpg	0	1	0	0
11_1441.jpg	0	1	0	0
09_799.jpg	0	1	0	0
11_1914.jpg	0	1	0	0
09_1231.jpg	0	1	0	0
11_572.jpg	0	1	0	0
09_1607.jpg	0	1	0	0
09_642.jpg	0	1	0	0
11_2655.jpg	0	1	0	0
09_638.jpg	0	1	0	0
09_563.jpg	0	1	0	0
11_526.jpg	0	1	0	0
11_1724.jpg	0	1	0	0
11_3320.jpg	0	1	0	0
11_959.jpg	0	1	0	0
09_286.jpg	0	1	0	0
11_722.jpg	0	1	0	0
09_725.jpg	0	1	0	0
11_2379.jpg	0	1	0	0
09_315.jpg	0	1	0	0
09_1349.jpg	0	1	0	0
09_990.jpg	0	1	0	0
09_350.jpg	0	1	0	0
11_266.jpg	0	1	0	0
11_2370.jpg	0	1	0	0
09_1236.jpg	0	1	0	0
09_1007.jpg	0	1	0	0
11_801.jpg	0	1	0	0
11_1529.jpg	0	1	0	0
11_896.jpg	0	1	0	0
11_2028.jpg	0	1	0	0
09_287.jpg	0	1	0	0
09_236.jpg	0	1	0	0
09_934.jpg	0	1	0	0
11_2559.jpg	0	1	0	0
09_1813.jpg	0	1	0	0
11_2646.jpg	0	1	0	0
09_1006.jpg	0	1	0	0
09_1055.jpg	0	1	0	0
09_571.jpg	0	1	0	0
11_1470.jpg	0	1	0	0
09_1843.jpg	0	1	0	0
09_1385.jpg	0	1	0	0
09_161.jpg	0	1	0	0
09_365.jpg	0	1	0	0
09_1171.jpg	0	1	0	0
11_2210.jpg	0	1	0	0
11_1528.jpg	0	1	0	0
09_720.jpg	0	1	0	0
11_2468.jpg	0	1	0	0
11_2466.jpg	0	1	0	0
11_395.jpg	0	1	0	0
11_1536.jpg	0	1	0	0
09_988.jpg	0	1	0	0
09_1868.jpg	0	1	0	0
09_55.jpg	0	1	0	0
09_1512.jpg	0	1	0	0
09_902.jpg	0	1	0	0
11_2768.jpg	0	1	0	0
11_3133.jpg	0	1	0	0
11_666.jpg	0	1	0	0
09_832.jpg	0	1	0	0
09_342.jpg	0	1	0	0
11_2399.jpg	0	1	0	0
09_1560.jpg	0	1	0	0
09_1902.jpg	0	1	0	0
09_1082.jpg	0	1	0	0
11_1878.jpg	0	1	0	0
11_796.jpg	0	1	0	0
11_119.jpg	0	1	0	0
09_903.jpg	0	1	0	0
09_307.jpg	0	1	0	0
11_2107.jpg	0	1	0	0
11_445.jpg	0	1	0	0
10_406.jpg	0	1	0	0
09_1287.jpg	0	1	0	0
11_846.jpg	0	1	0	0
09_627.jpg	0	1	0	0
11_1716.jpg	0	1	0	0
11_2769.jpg	0	1	0	0
09_839.jpg	0	1	0	0
11_2871.jpg	0	1	0	0
09_937.jpg	0	1	0	0
09_394.jpg	0	1	0	0
09_1376.jpg	0	1	0	0
11_1357.jpg	0	1	0	0
09_1730.jpg	0	1	0	0
09_636.jpg	0	1	0	0
11_1438.jpg	0	1	0	0
09_1465.jpg	0	1	0	0
09_732.jpg	0	1	0	0
11_1904.jpg	0	1	0	0
09_175.jpg	0	1	0	0
09_2010.jpg	0	1	0	0
08_01.jpg	0	1	0	0
11_1952.jpg	0	1	0	0
11_1391.jpg	0	1	0	0
09_94.jpg	0	1	0	0
11_1704.jpg	0	1	0	0
09_932.jpg	0	1	0	0
09_1120.jpg	0	1	0	0
09_100.jpg	0	1	0	0
11_2216.jpg	0	1	0	0
09_106.jpg	0	1	0	0
09_323.jpg	0	1	0	0
09_64.jpg	0	1	0	0
09_1147.jpg	0	1	0	0
11_2656.jpg	0	1	0	0
11_2401.jpg	0	1	0	0
11_2474.jpg	0	1	0	0
09_1626.jpg	0	1	0	0
11_1803.jpg	0	1	0	0
09_351.jpg	0	1	0	0
09_700.jpg	0	1	0	0
09_1696.jpg	0	1	0	0
09_156.jpg	0	1	0	0
11_2668.jpg	0	1	0	0
09_1657.jpg	0	1	0	0
09_857.jpg	0	1	0	0
11_2550.jpg	0	1	0	0
11_2337.jpg	0	1	0	0
09_1446.jpg	0	1	0	0
08_145.jpg	0	1	0	0
11_2555.jpg	0	1	0	0
09_858.jpg	0	1	0	0
11_2340.jpg	0	1	0	0
11_2402.jpg	0	1	0	0
08_109.jpg	0	1	0	0
09_415.jpg	0	1	0	0
08_35.jpg	0	1	0	0
09_144.jpg	0	1	0	0
09_769.jpg	0	1	0	0
09_2006.jpg	0	1	0	0
11_2378.jpg	0	1	0	0
09_1415.jpg	0	1	0	0
09_1425.jpg	0	1	0	0
09_1751.jpg	0	1	0	0
09_1513.jpg	0	1	0	0
09_490.jpg	0	1	0	0
08_66.jpg	0	1	0	0
11_247.jpg	0	1	0	0
09_431.jpg	0	1	0	0
09_1556.jpg	0	1	0	0
08_02.jpg	0	1	0	0
11_1768.jpg	0	1	0	0
09_573.jpg	0	1	0	0
09_697.jpg	0	1	0	0
11_3070.jpg	0	1	0	0
09_1517.jpg	0	1	0	0
09_521.jpg	0	1	0	0
08_38.jpg	0	1	0	0
09_705.jpg	0	1	0	0
11_10.jpg	0	1	0	0
09_62.jpg	0	1	0	0
11_707.jpg	0	1	0	0
09_1405.jpg	0	1	0	0
09_594.jpg	0	1	0	0
09_1704.jpg	0	1	0	0
09_824.jpg	0	1	0	0
09_2002.jpg	0	1	0	0
09_1826.jpg	0	1	0	0
11_205.jpg	0	1	0	0
11_3264.jpg	0	1	0	0
09_157.jpg	0	1	0	0
11_209.jpg	0	1	0	0
11_798.jpg	0	1	0	0
11_2215.jpg	0	1	0	0
11_799.jpg	0	1	0	0
09_549.jpg	0	1	0	0
11_966.jpg	0	1	0	0
11_522.jpg	0	1	0	0
09_1118.jpg	0	1	0	0
09_470.jpg	0	1	0	0
11_1488.jpg	0	1	0	0
09_1083.jpg	0	1	0	0
11_2476.jpg	0	1	0	0
09_1638.jpg	0	1	0	0
09_1365.jpg	0	1	0	0
09_112.jpg	0	1	0	0
09_88.jpg	0	1	0	0
09_1311.jpg	0	1	0	0
11_196.jpg	0	1	0	0
09_1319.jpg	0	1	0	0
09_362.jpg	0	1	0	0
09_1011.jpg	0	1	0	0
09_1212.jpg	0	1	0	0
09_1851.jpg	0	1	0	0
11_705.jpg	0	1	0	0
11_268.jpg	0	1	0	0
09_1338.jpg	0	1	0	0
09_565.jpg	0	1	0	0
11_1802.jpg	0	1	0	0
11_2982.jpg	0	1	0	0
11_3201.jpg	0	1	0	0
08_146.jpg	0	1	0	0
11_3327.jpg	0	1	0	0
09_1411.jpg	0	1	0	0
09_1332.jpg	0	1	0	0
09_1905.jpg	0	1	0	0
08_22.jpg	0	1	0	0
11_2177.jpg	0	1	0	0
11_393.jpg	0	1	0	0
09_1693.jpg	0	1	0	0
09_440.jpg	0	1	0	0
09_1743.jpg	0	1	0	0
09_1127.jpg	0	1	0	0
09_1121.jpg	0	1	0	0
09_1844.jpg	0	1	0	0
11_1697.jpg	0	1	0	0
09_779.jpg	0	1	0	0
09_1749.jpg	0	1	0	0
09_63.jpg	0	1	0	0
09_492.jpg	0	1	0	0
09_555.jpg	0	1	0	0
11_274.jpg	0	1	0	0
09_844.jpg	0	1	0	0
09_1734.jpg	0	1	0	0
09_1131.jpg	0	1	0	0
09_526.jpg	0	1	0	0
09_1184.jpg	0	1	0	0
09_765.jpg	0	1	0	0
09_1920.jpg	0	1	0	0
09_1847.jpg	0	1	0	0
09_1122.jpg	0	1	0	0
09_197.jpg	0	1	0	0
09_1324.jpg	0	1	0	0
11_842.jpg	0	1	0	0
09_987.jpg	0	1	0	0
09_1183.jpg	0	1	0	0
09_65.jpg	0	1	0	0
09_471.jpg	0	1	0	0
11_2171.jpg	0	1	0	0
11_1580.jpg	0	1	0	0
11_1407.jpg	0	1	0	0
11_24.jpg	0	1	0	0
09_749.jpg	0	1	0	0
09_1214.jpg	0	1	0	0
09_421.jpg	0	1	0	0
09_1368.jpg	0	1	0	0
11_2650.jpg	0	1	0	0
09_117.jpg	0	1	0	0
09_1468.jpg	0	1	0	0
09_989.jpg	0	1	0	0
09_1559.jpg	0	1	0	0
09_820.jpg	0	1	0	0
11_2165.jpg	0	1	0	0
11_1510.jpg	0	1	0	0
09_772.jpg	0	1	0	0
11_1085.jpg	0	1	0	0
09_1977.jpg	0	1	0	0
11_1575.jpg	0	1	0	0
11_2471.jpg	0	1	0	0
11_3183.jpg	0	1	0	0
11_3040.jpg	0	1	0	0
08_168.jpg	0	1	0	0
11_1379.jpg	0	1	0	0
11_2551.jpg	0	1	0	0
09_48.jpg	0	1	0	0
09_2011.jpg	0	1	0	0
11_2482.jpg	0	1	0	0
09_199.jpg	0	1	0	0
09_933.jpg	0	1	0	0
11_1424.jpg	0	1	0	0
09_363.jpg	0	1	0	0
09_1359.jpg	0	1	0	0
11_2209.jpg	0	1	0	0
11_2543.jpg	0	1	0	0
11_1395.jpg	0	1	0	0
11_809.jpg	0	1	0	0
09_626.jpg	0	1	0	0
09_44.jpg	0	1	0	0
09_631.jpg	0	1	0	0
11_12.jpg	0	1	0	0
09_445.jpg	0	1	0	0
11_248.jpg	0	1	0	0
11_2176.jpg	0	1	0	0
11_1766.jpg	0	1	0	0
09_1555.jpg	0	1	0	0
11_784.jpg	0	1	0	0
09_297.jpg	0	1	0	0
09_1759.jpg	0	1	0	0
09_1587.jpg	0	1	0	0
11_785.jpg	0	1	0	0
08_69.jpg	0	1	0	0
11_2467.jpg	0	1	0	0
09_1390.jpg	0	1	0	0
09_1187.jpg	0	1	0	0
11_195.jpg	0	1	0	0
09_1061.jpg	0	1	0	0
11_1493.jpg	0	1	0	0
09_366.jpg	0	1	0	0
08_126.jpg	0	1	0	0
11_249.jpg	0	1	0	0
09_308.jpg	0	1	0	0
09_12.jpg	0	1	0	0
11_1486.jpg	0	1	0	0
11_610.jpg	0	1	0	0
09_1381.jpg	0	1	0	0
11_2562.jpg	0	1	0	0
09_1134.jpg	0	1	0	0
09_449.jpg	0	1	0	0
09_356.jpg	0	1	0	0
11_803.jpg	0	1	0	0
09_31.jpg	0	1	0	0
08_68.jpg	0	1	0	0
11_2649.jpg	0	1	0	0
09_1608.jpg	0	1	0	0
11_387.jpg	0	1	0	0
09_143.jpg	0	1	0	0
09_1135.jpg	0	1	0	0
11_389.jpg	0	1	0	0
09_11.jpg	0	1	0	0
11_1439.jpg	0	1	0	0
09_706.jpg	0	1	0	0
11_2946.jpg	0	1	0	0
11_2211.jpg	0	1	0	0
09_1320.jpg	0	1	0	0
09_309.jpg	0	1	0	0
09_632.jpg	0	1	0	0
09_777.jpg	0	1	0	0
09_641.jpg	0	1	0	0
11_1696.jpg	0	1	0	0
09_1778.jpg	0	1	0	0
11_961.jpg	0	1	0	0
11_1526.jpg	0	1	0	0
08_51.jpg	0	1	0	0
09_472.jpg	0	1	0	0
11_238.jpg	0	1	0	0
09_1140.jpg	0	1	0	0
09_2063.jpg	0	1	0	0
09_360.jpg	0	1	0	0
11_1502.jpg	0	1	0	0
11_1403.jpg	0	1	0	0
09_1521.jpg	0	1	0	0
09_1652.jpg	0	1	0	0
09_401.jpg	0	1	0	0
09_731.jpg	0	1	0	0
09_335.jpg	0	1	0	0
09_1761.jpg	0	1	0	0
09_1060.jpg	0	1	0	0
09_634.jpg	0	1	0	0
11_194.jpg	0	1	0	0
09_78.jpg	0	1	0	0
11_1507.jpg	0	1	0	0
09_1662.jpg	0	1	0	0
11_2364.jpg	0	1	0	0
09_479.jpg	0	1	0	0
09_1515.jpg	0	1	0	0
11_2046.jpg	0	1	0	0
11_2477.jpg	0	1	0	0
09_855.jpg	0	1	0	0
11_2168.jpg	0	1	0	0
09_1222.jpg	0	1	0	0
09_639.jpg	0	1	0	0
09_195.jpg	0	1	0	0
09_546.jpg	0	1	0	0
11_665.jpg	0	1	0	0
09_829.jpg	0	1	0	0
11_381.jpg	0	1	0	0
09_1455.jpg	0	1	0	0
09_207.jpg	0	1	0	0
11_246.jpg	0	1	0	0
09_1143.jpg	0	1	0	0
09_1840.jpg	0	1	0	0
11_439.jpg	0	1	0	0
09_791.jpg	0	1	0	0
09_1442.jpg	0	1	0	0
11_2667.jpg	0	1	0	0
11_2541.jpg	0	1	0	0
09_1766.jpg	0	1	0	0
09_1621.jpg	0	1	0	0
09_1944.jpg	0	1	0	0
09_1429.jpg	0	1	0	0
11_440.jpg	0	1	0	0
11_2105.jpg	0	1	0	0
09_1663.jpg	0	1	0	0
09_1597.jpg	0	1	0	0
08_27.jpg	0	1	0	0
09_327.jpg	0	1	0	0
09_1430.jpg	0	1	0	0
11_523.jpg	0	1	0	0
10_34.jpg	0	1	0	0
11_1953.jpg	0	1	0	0
11_2526.jpg	0	1	0	0
09_825.jpg	0	1	0	0
09_564.jpg	0	1	0	0
09_400.jpg	0	1	0	0
09_1760.jpg	0	1	0	0
09_1288.jpg	0	1	0	0
11_2570.jpg	0	1	0	0
11_1416.jpg	0	1	0	0
11_1685.jpg	0	1	0	0
11_3069.jpg	0	1	0	0
09_478.jpg	0	1	0	0
11_788.jpg	0	1	0	0
09_984.jpg	0	1	0	0
08_94.jpg	0	1	0	0
11_200.jpg	0	1	0	0
09_316.jpg	0	1	0	0
11_1406.jpg	0	1	0	0
09_784.jpg	0	1	0	0
08_107.jpg	0	1	0	0
09_1099.jpg	0	1	0	0
09_1926.jpg	0	1	0	0
11_211.jpg	0	1	0	0
11_2943.jpg	0	1	0	0
09_114.jpg	0	1	0	0
09_1592.jpg	0	1	0	0
09_628.jpg	0	1	0	0
11_02.jpg	0	1	0	0
09_1886.jpg	0	1	0	0
09_808.jpg	0	1	0	0
11_723.jpg	0	1	0	0
09_1564.jpg	0	1	0	0
09_1509.jpg	0	1	0	0
09_488.jpg	0	1	0	0
11_481.jpg	0	1	0	0
09_622.jpg	0	1	0	0
11_706.jpg	0	1	0	0
09_1717.jpg	0	1	0	0
11_2874.jpg	0	1	0	0
11_768.jpg	0	1	0	0
09_1145.jpg	0	1	0	0
09_1482.jpg	0	1	0	0
09_1727.jpg	0	1	0	0
08_132.jpg	0	1	0	0
11_2368.jpg	0	1	0	0
11_2549.jpg	0	1	0	0
09_1243.jpg	0	1	0	0
11_270.jpg	0	1	0	0
09_71.jpg	0	1	0	0
09_1691.jpg	0	1	0	0
11_2372.jpg	0	1	0	0
09_1149.jpg	0	1	0	0
11_2174.jpg	0	1	0	0
09_759.jpg	0	1	0	0
09_1692.jpg	0	1	0	0
11_3026.jpg	0	1	0	0
09_1474.jpg	0	1	0	0
09_1581.jpg	0	1	0	0
11_322.jpg	0	1	0	0
09_1137.jpg	0	1	0	0
09_1966.jpg	0	1	0	0
09_600.jpg	0	1	0	0
11_2867.jpg	0	1	0	0
09_1842.jpg	0	1	0	0
11_2556.jpg	0	1	0	0
11_188.jpg	0	1	0	0
11_1404.jpg	0	1	0	0
08_28.jpg	0	1	0	0
09_1518.jpg	0	1	0	0
11_843.jpg	0	1	0	0
11_663.jpg	0	1	0	0
08_157.jpg	0	1	0	0
09_559.jpg	0	1	0	0
09_468.jpg	0	1	0	0
11_2872.jpg	0	1	0	0
09_306.jpg	0	1	0	0
09_345.jpg	0	1	0	0
11_1733.jpg	0	1	0	0
09_1013.jpg	0	1	0	0
11_2659.jpg	0	1	0	0
09_1234.jpg	0	1	0	0
11_1504.jpg	0	1	0	0
11_295.jpg	0	1	0	0
09_1711.jpg	0	1	0	0
09_722.jpg	0	1	0	0
09_982.jpg	0	1	0	0
09_543.jpg	0	1	0	0
09_1289.jpg	0	1	0	0
09_259.jpg	0	1	0	0
09_1144.jpg	0	1	0	0
11_1954.jpg	0	1	0	0
08_161.jpg	0	1	0	0
09_1538.jpg	0	1	0	0
09_1619.jpg	0	1	0	0
11_853.jpg	0	1	0	0
11_1408.jpg	0	1	0	0
11_2373.jpg	0	1	0	0
11_434.jpg	0	1	0	0
09_1095.jpg	0	1	0	0
09_1909.jpg	0	1	0	0
11_1394.jpg	0	1	0	0
11_3266.jpg	0	1	0	0
09_51.jpg	0	1	0	0
11_09.jpg	0	1	0	0
08_47.jpg	0	1	0	0
11_15.jpg	0	1	0	0
11_2338.jpg	0	1	0	0
09_930.jpg	0	1	0	0
11_2948.jpg	0	1	0	0
09_834.jpg	0	1	0	0
09_1431.jpg	0	1	0	0
11_2565.jpg	0	1	0	0
09_1814.jpg	0	1	0	0
09_2007.jpg	0	1	0	0
11_3039.jpg	0	1	0	0
09_2001.jpg	0	1	0	0
11_2964.jpg	0	1	0	0
08_98.jpg	0	1	0	0
11_2944.jpg	0	1	0	0
09_194.jpg	0	1	0	0
09_1756.jpg	0	1	0	0
11_960.jpg	0	1	0	0
09_644.jpg	0	1	0	0
09_1605.jpg	0	1	0	0
11_2371.jpg	0	1	0	0
09_817.jpg	0	1	0	0
09_910.jpg	0	1	0	0
11_2469.jpg	0	1	0	0
09_1378.jpg	0	1	0	0
09_911.jpg	0	1	0	0
09_2062.jpg	0	1	0	0
11_1723.jpg	0	1	0	0
09_914.jpg	0	1	0	0
09_1211.jpg	0	1	0	0
08_156.jpg	0	1	0	0
09_223.jpg	0	1	0	0
11_2527.jpg	0	1	0	0
11_1356.jpg	0	1	0	0
09_763.jpg	0	1	0	0
09_1235.jpg	0	1	0	0
09_1943.jpg	0	1	0	0
09_851.jpg	0	1	0	0
09_326.jpg	0	1	0	0
09_486.jpg	0	1	0	0
11_1901.jpg	0	1	0	0
09_1220.jpg	0	1	0	0
11_1578.jpg	0	1	0	0
11_852.jpg	0	1	0	0
11_847.jpg	0	1	0	0
09_461.jpg	0	1	0	0
09_838.jpg	0	1	0	0
11_2172.jpg	0	1	0	0
09_1356.jpg	0	1	0	0
09_487.jpg	0	1	0	0
09_1768.jpg	0	1	0	0
09_643.jpg	0	1	0	0
11_789.jpg	0	1	0	0
09_721.jpg	0	1	0	0
09_1448.jpg	0	1	0	0
09_625.jpg	0	1	0	0
09_224.jpg	0	1	0	0
11_576.jpg	0	1	0	0
09_495.jpg	0	1	0	0
11_2870.jpg	0	1	0	0
09_1742.jpg	0	1	0	0
11_721.jpg	0	1	0	0
09_1310.jpg	0	1	0	0
09_1309.jpg	0	1	0	0
09_70.jpg	0	1	0	0
09_1255.jpg	0	1	0	0
09_1462.jpg	0	1	0	0
09_424.jpg	0	1	0	0
09_484.jpg	0	1	0	0
08_176.jpg	0	1	0	0
09_708.jpg	0	1	0	0
09_568.jpg	0	1	0	0
09_475.jpg	0	1	0	0
11_2374.jpg	0	1	0	0
08_93.jpg	0	1	0	0
09_804.jpg	0	1	0	0
09_1758.jpg	0	1	0	0
09_1323.jpg	0	1	0	0
09_1012.jpg	0	1	0	0
09_1939.jpg	0	1	0	0
11_2375.jpg	0	1	0	0
11_2470.jpg	0	1	0	0
09_1123.jpg	0	1	0	0
08_167.jpg	0	1	0	0
09_1627.jpg	0	1	0	0
09_566.jpg	0	1	0	0
11_1435.jpg	0	1	0	0
09_34.jpg	0	1	0	0
09_237.jpg	0	1	0	0
11_1727.jpg	0	1	0	0
09_711.jpg	0	1	0	0
09_1595.jpg	0	1	0	0
09_389.jpg	0	1	0	0
11_2530.jpg	0	1	0	0
09_1565.jpg	0	1	0	0
11_1612.jpg	0	1	0	0
11_2102.jpg	0	1	0	0
11_3296.jpg	0	1	0	0
11_2945.jpg	0	1	0	0
11_2560.jpg	0	1	0	0
09_1918.jpg	0	1	0	0
11_3194.jpg	0	1	0	0
09_1507.jpg	0	1	0	0
09_1452.jpg	0	1	0	0
09_1740.jpg	0	1	0	0
09_849.jpg	0	1	0	0
09_14.jpg	0	1	0	0
11_2868.jpg	0	1	0	0
09_1445.jpg	0	1	0	0
09_1837.jpg	0	1	0	0
11_539.jpg	0	1	0	0
09_1170.jpg	0	1	0	0
09_1045.jpg	0	1	0	0
11_1380.jpg	0	1	0	0
09_1117.jpg	0	1	0	0
11_898.jpg	0	1	0	0
09_68.jpg	0	1	0	0
11_848.jpg	0	1	0	0
09_1005.jpg	0	1	0	0
11_802.jpg	0	1	0	0
09_410.jpg	0	1	0	0
09_1186.jpg	0	1	0	0
09_1379.jpg	0	1	0	0
09_1824.jpg	0	1	0	0
09_1784.jpg	0	1	0	0
09_1514.jpg	0	1	0	0
11_2648.jpg	0	1	0	0
09_1084.jpg	0	1	0	0
11_2521.jpg	0	1	0	0
09_1297.jpg	0	1	0	0
09_1841.jpg	0	1	0	0
11_2380.jpg	0	1	0	0
11_120.jpg	0	1	0	0
09_1307.jpg	0	1	0	0
09_1809.jpg	0	1	0	0
09_756.jpg	0	1	0	0
11_3071.jpg	0	1	0	0
09_481.jpg	0	1	0	0
11_1721.jpg	0	1	0	0
08_159.jpg	0	1	0	0
09_1558.jpg	0	1	0	0
11_527.jpg	0	1	0	0
11_3190.jpg	0	1	0	0
11_3321.jpg	0	1	0	0
11_1719.jpg	0	1	0	0
11_2044.jpg	0	1	0	0
09_321.jpg	0	1	0	0
11_1720.jpg	0	1	0	0
09_1885.jpg	0	1	0	0
09_423.jpg	0	1	0	0
09_783.jpg	0	1	0	0
09_1437.jpg	0	1	0	0
11_193.jpg	0	1	0	0
09_1526.jpg	0	1	0	0
11_3038.jpg	0	1	0	0
11_2382.jpg	0	1	0	0
09_1789.jpg	0	1	0	0
09_1819.jpg	0	1	0	0
09_16.jpg	0	1	0	0
09_1782.jpg	0	1	0	0
09_1260.jpg	0	1	0	0
09_508.jpg	0	1	0	0
11_2062.jpg	0	1	0	0
11_1527.jpg	0	1	0	0
09_1126.jpg	0	1	0	0
09_305.jpg	0	1	0	0
11_2170.jpg	0	1	0	0
09_1252.jpg	0	1	0	0
09_404.jpg	0	1	0	0
09_221.jpg	0	1	0	0
09_733.jpg	0	1	0	0
11_199.jpg	0	1	0	0
09_1213.jpg	0	1	0	0
11_14.jpg	0	1	0	0
09_285.jpg	0	1	0	0
09_601.jpg	0	1	0	0
09_871.jpg	0	1	0	0
11_3033.jpg	0	1	0	0
09_621.jpg	0	1	0	0
11_1894.jpg	0	1	0	0
11_1686.jpg	0	1	0	0
09_20.jpg	0	1	0	0
11_2063.jpg	0	1	0	0
09_803.jpg	0	1	0	0
11_216.jpg	0	1	0	0
09_27.jpg	0	1	0	0
09_352.jpg	0	1	0	0
11_2873.jpg	0	1	0	0
09_928.jpg	0	1	0	0
09_32.jpg	0	1	0	0
09_597.jpg	0	1	0	0
09_1478.jpg	0	1	0	0
09_1658.jpg	0	1	0	0
09_1609.jpg	0	1	0	0
09_768.jpg	0	1	0	0
09_1499.jpg	0	1	0	0
11_2532.jpg	0	1	0	0
09_1386.jpg	0	1	0	0
09_1610.jpg	0	1	0	0
11_797.jpg	0	1	0	0
09_1690.jpg	0	1	0	0
11_1698.jpg	0	1	0	0
09_422.jpg	0	1	0	0
09_1367.jpg	0	1	0	0
09_1780.jpg	0	1	0	0
11_1375.jpg	0	1	0	0
09_406.jpg	0	1	0	0
09_331.jpg	0	1	0	0
09_1996.jpg	0	1	0	0
09_1467.jpg	0	1	0	0
11_2522.jpg	0	1	0	0
11_204.jpg	0	1	0	0
09_1056.jpg	0	1	0	0
09_82.jpg	0	1	0	0
11_184.jpg	0	1	0	0
09_2054.jpg	0	1	0	0
11_1523.jpg	0	1	0	0
09_1904.jpg	0	1	0	0
11_670.jpg	0	1	0	0
09_831.jpg	0	1	0	0
09_764.jpg	0	1	0	0
09_1598.jpg	0	1	0	0
09_847.jpg	0	1	0	0
09_938.jpg	0	1	0	0
09_1410.jpg	0	1	0	0
09_1063.jpg	0	1	0	0
09_771.jpg	0	1	0	0
09_647.jpg	0	1	0	0
11_3193.jpg	0	1	0	0
11_2963.jpg	0	1	0	0
09_719.jpg	0	1	0	0
09_1539.jpg	0	1	0	0
09_723.jpg	0	1	0	0
09_1416.jpg	0	1	0	0
09_1832.jpg	0	1	0	0
11_2561.jpg	0	1	0	0
11_2940.jpg	0	1	0	0
09_854.jpg	0	1	0	0
09_1219.jpg	0	1	0	0
09_785.jpg	0	1	0	0
09_200.jpg	0	1	0	0
11_1911.jpg	0	1	0	0
09_815.jpg	0	1	0	0
11_1902.jpg	0	1	0	0
09_929.jpg	0	1	0	0
09_300.jpg	0	1	0	0
09_1087.jpg	0	1	0	0
09_596.jpg	0	1	0	0
09_417.jpg	0	1	0	0
09_757.jpg	0	1	0	0
09_1520.jpg	0	1	0	0
09_1640.jpg	0	1	0	0
09_91.jpg	0	1	0	0
11_669.jpg	0	1	0	0
09_1245.jpg	0	1	0	0
09_737.jpg	0	1	0	0
09_1770.jpg	0	1	0	0
09_1937.jpg	0	1	0	0
11_2341.jpg	0	1	0	0
09_758.jpg	0	1	0	0
09_1604.jpg	0	1	0	0
09_1316.jpg	0	1	0	0
09_260.jpg	0	1	0	0
11_2052.jpg	0	1	0	0
11_1082.jpg	0	1	0	0
09_482.jpg	0	1	0	0
09_1046.jpg	0	1	0	0
09_604.jpg	0	1	0	0
09_1128.jpg	0	1	0	0
08_158.jpg	0	1	0	0
11_2433.jpg	0	1	0	0
11_3197.jpg	0	1	0	0
08_31.jpg	0	1	0	0
09_1828.jpg	0	1	0	0
09_1882.jpg	0	1	0	0
11_3199.jpg	0	1	0	0
11_786.jpg	0	1	0	0
09_436.jpg	0	1	0	0
10_33.jpg	0	1	0	0
09_1822.jpg	0	1	0	0
09_1181.jpg	0	1	0	0
09_1870.jpg	0	1	0	0
11_2666.jpg	0	1	0	0
09_872.jpg	0	1	0	0
09_2004.jpg	0	1	0	0
11_3185.jpg	0	1	0	0
09_751.jpg	0	1	0	0
08_108.jpg	0	1	0	0
09_730.jpg	0	1	0	0
09_1757.jpg	0	1	0	0
09_494.jpg	0	1	0	0
11_1689.jpg	0	1	0	0
09_480.jpg	0	1	0	0
09_238.jpg	0	1	0	0
11_1912.jpg	0	1	0	0
09_687.jpg	0	1	0	0
09_908.jpg	0	1	0	0
11_2478.jpg	0	1	0	0
09_92.jpg	0	1	0	0
09_407.jpg	0	1	0	0
09_1664.jpg	0	1	0	0
11_807.jpg	0	1	0	0
11_1378.jpg	0	1	0	0
11_2520.jpg	0	1	0	0
11_3285.jpg	0	1	0	0
09_329.jpg	0	1	0	0
08_131.jpg	0	1	0	0
09_1261.jpg	0	1	0	0
09_699.jpg	0	1	0	0
11_2553.jpg	0	1	0	0
09_191.jpg	0	1	0	0
11_775.jpg	0	1	0	0
11_1012.jpg	1	0	0	0
11_3175.jpg	1	0	0	0
11_2056.jpg	1	0	0	0
11_821.jpg	1	0	0	0
11_2690.jpg	1	0	0	0
11_505.jpg	1	0	0	0
11_2592.jpg	1	0	0	0
11_2157.jpg	1	0	0	0
11_1711.jpg	1	0	0	0
11_1433.jpg	1	0	0	0
11_2590.jpg	1	0	0	0
11_2922.jpg	1	0	0	0
11_2747.jpg	1	0	0	0
08_85.jpg	1	0	0	0
11_2014.jpg	1	0	0	0
11_1999.jpg	1	0	0	0
11_2713.jpg	1	0	0	0
11_862.jpg	1	0	0	0
11_2779.jpg	1	0	0	0
11_317.jpg	1	0	0	0
11_2006.jpg	1	0	0	0
11_1006.jpg	1	0	0	0
11_952.jpg	1	0	0	0
11_1663.jpg	1	0	0	0
11_1172.jpg	1	0	0	0
11_2610.jpg	1	0	0	0
09_374.jpg	1	0	0	0
11_1038.jpg	1	0	0	0
11_2518.jpg	1	0	0	0
11_859.jpg	1	0	0	0
11_625.jpg	1	0	0	0
11_2088.jpg	1	0	0	0
11_935.jpg	1	0	0	0
11_1195.jpg	1	0	0	0
11_585.jpg	1	0	0	0
11_2752.jpg	1	0	0	0
11_956.jpg	1	0	0	0
11_943.jpg	1	0	0	0
11_2744.jpg	1	0	0	0
11_2932.jpg	1	0	0	0
11_1045.jpg	1	0	0	0
11_1105.jpg	1	0	0	0
11_1456.jpg	1	0	0	0
11_2034.jpg	1	0	0	0
11_1863.jpg	1	0	0	0
11_1918.jpg	1	0	0	0
11_1457.jpg	1	0	0	0
11_2931.jpg	1	0	0	0
08_55.jpg	1	0	0	0
11_416.jpg	1	0	0	0
11_2221.jpg	1	0	0	0
11_1930.jpg	1	0	0	0
11_1024.jpg	1	0	0	0
11_1029.jpg	1	0	0	0
11_2256.jpg	1	0	0	0
11_1811.jpg	1	0	0	0
11_1200.jpg	1	0	0	0
11_953.jpg	1	0	0	0
11_1660.jpg	1	0	0	0
11_3330.jpg	1	0	0	0
11_501.jpg	1	0	0	0
11_2147.jpg	1	0	0	0
11_815.jpg	1	0	0	0
11_2786.jpg	1	0	0	0
11_1939.jpg	1	0	0	0
11_989.jpg	1	0	0	0
11_1957.jpg	1	0	0	0
11_3084.jpg	1	0	0	0
11_1661.jpg	1	0	0	0
11_283.jpg	1	0	0	0
11_127.jpg	1	0	0	0
11_1511.jpg	1	0	0	0
11_2222.jpg	1	0	0	0
11_958.jpg	1	0	0	0
11_2224.jpg	1	0	0	0
11_2081.jpg	1	0	0	0
11_3062.jpg	1	0	0	0
11_1339.jpg	1	0	0	0
11_2628.jpg	1	0	0	0
11_250.jpg	1	0	0	0
11_2193.jpg	1	0	0	0
11_569.jpg	1	0	0	0
11_857.jpg	1	0	0	0
11_1980.jpg	1	0	0	0
11_716.jpg	1	0	0	0
11_291.jpg	1	0	0	0
09_1615.jpg	1	0	0	0
11_2857.jpg	1	0	0	0
11_2197.jpg	1	0	0	0
11_2226.jpg	1	0	0	0
11_420.jpg	1	0	0	0
11_3085.jpg	1	0	0	0
11_636.jpg	1	0	0	0
11_2587.jpg	1	0	0	0
11_2015.jpg	1	0	0	0
11_2789.jpg	1	0	0	0
11_2415.jpg	1	0	0	0
11_1702.jpg	1	0	0	0
11_3351.jpg	1	0	0	0
08_88.jpg	1	0	0	0
11_3137.jpg	1	0	0	0
09_867.jpg	1	0	0	0
11_748.jpg	1	0	0	0
11_819.jpg	1	0	0	0
11_2403.jpg	1	0	0	0
11_3044.jpg	1	0	0	0
11_2860.jpg	1	0	0	0
11_3138.jpg	1	0	0	0
11_1077.jpg	1	0	0	0
11_2412.jpg	1	0	0	0
11_638.jpg	1	0	0	0
09_865.jpg	1	0	0	0
11_1665.jpg	1	0	0	0
11_506.jpg	1	0	0	0
11_1054.jpg	1	0	0	0
11_2955.jpg	1	0	0	0
11_1296.jpg	1	0	0	0
11_2414.jpg	1	0	0	0
11_1991.jpg	1	0	0	0
11_508.jpg	1	0	0	0
11_1091.jpg	1	0	0	0
11_1933.jpg	1	0	0	0
09_1495.jpg	1	0	0	0
11_1786.jpg	1	0	0	0
11_991.jpg	1	0	0	0
09_1167.jpg	1	0	0	0
11_1664.jpg	1	0	0	0
11_1144.jpg	1	0	0	0
11_3359.jpg	1	0	0	0
11_306.jpg	1	0	0	0
11_3063.jpg	1	0	0	0
11_2090.jpg	1	0	0	0
11_307.jpg	1	0	0	0
11_2702.jpg	1	0	0	0
11_1159.jpg	1	0	0	0
11_2544.jpg	1	0	0	0
11_507.jpg	1	0	0	0
11_649.jpg	1	0	0	0
11_1944.jpg	1	0	0	0
11_1080.jpg	1	0	0	0
11_2899.jpg	1	0	0	0
11_2095.jpg	1	0	0	0
11_940.jpg	1	0	0	0
11_889.jpg	1	0	0	0
11_2348.jpg	1	0	0	0
11_231.jpg	1	0	0	0
11_1338.jpg	1	0	0	0
11_1788.jpg	1	0	0	0
11_2058.jpg	1	0	0	0
11_656.jpg	1	0	0	0
11_2223.jpg	1	0	0	0
11_503.jpg	1	0	0	0
11_1965.jpg	1	0	0	0
11_1089.jpg	1	0	0	0
11_497.jpg	1	0	0	0
08_86.jpg	1	0	0	0
11_1605.jpg	1	0	0	0
11_694.jpg	1	0	0	0
11_3045.jpg	1	0	0	0
09_1472.jpg	1	0	0	0
11_2430.jpg	1	0	0	0
11_550.jpg	1	0	0	0
11_865.jpg	1	0	0	0
11_549.jpg	1	0	0	0
11_1008.jpg	1	0	0	0
11_2086.jpg	1	0	0	0
11_1816.jpg	1	0	0	0
11_2410.jpg	1	0	0	0
11_1932.jpg	1	0	0	0
11_906.jpg	1	0	0	0
11_3226.jpg	1	0	0	0
11_2912.jpg	1	0	0	0
11_3042.jpg	1	0	0	0
11_1978.jpg	1	0	0	0
11_1814.jpg	1	0	0	0
11_517.jpg	1	0	0	0
09_745.jpg	1	0	0	0
11_1340.jpg	1	0	0	0
11_2691.jpg	1	0	0	0
11_2904.jpg	1	0	0	0
11_412.jpg	1	0	0	0
11_551.jpg	1	0	0	0
11_2087.jpg	1	0	0	0
11_1070.jpg	1	0	0	0
11_1555.jpg	1	0	0	0
11_616.jpg	1	0	0	0
11_1807.jpg	1	0	0	0
11_2330.jpg	1	0	0	0
11_1041.jpg	1	0	0	0
11_1935.jpg	1	0	0	0
11_3348.jpg	1	0	0	0
11_858.jpg	1	0	0	0
11_1777.jpg	1	0	0	0
11_1996.jpg	1	0	0	0
11_2411.jpg	1	0	0	0
11_2709.jpg	1	0	0	0
11_2910.jpg	1	0	0	0
11_2545.jpg	1	0	0	0
11_1552.jpg	1	0	0	0
11_3046.jpg	1	0	0	0
11_709.jpg	1	0	0	0
11_308.jpg	1	0	0	0
11_2079.jpg	1	0	0	0
11_3221.jpg	1	0	0	0
11_1000.jpg	1	0	0	0
11_1975.jpg	1	0	0	0
11_2924.jpg	1	0	0	0
11_3093.jpg	1	0	0	0
11_2704.jpg	1	0	0	0
11_1430.jpg	1	0	0	0
11_627.jpg	1	0	0	0
11_554.jpg	1	0	0	0
11_2149.jpg	1	0	0	0
11_1203.jpg	1	0	0	0
11_2083.jpg	1	0	0	0
11_840.jpg	1	0	0	0
11_2195.jpg	1	0	0	0
11_488.jpg	1	0	0	0
11_79.jpg	1	0	0	0
11_2333.jpg	1	0	0	0
11_996.jpg	1	0	0	0
11_2777.jpg	1	0	0	0
11_1994.jpg	1	0	0	0
11_640.jpg	1	0	0	0
11_251.jpg	1	0	0	0
11_1047.jpg	1	0	0	0
11_2984.jpg	1	0	0	0
11_1917.jpg	1	0	0	0
11_1789.jpg	1	0	0	0
11_2712.jpg	1	0	0	0
09_1353.jpg	1	0	0	0
11_2331.jpg	1	0	0	0
11_2843.jpg	1	0	0	0
11_2269.jpg	1	0	0	0
11_2999.jpg	1	0	0	0
11_2746.jpg	1	0	0	0
09_862.jpg	1	0	0	0
11_2739.jpg	1	0	0	0
11_3331.jpg	1	0	0	0
11_816.jpg	1	0	0	0
11_2267.jpg	1	0	0	0
09_863.jpg	1	0	0	0
11_504.jpg	1	0	0	0
11_951.jpg	1	0	0	0
11_990.jpg	1	0	0	0
11_2420.jpg	1	0	0	0
11_931.jpg	1	0	0	0
11_2781.jpg	1	0	0	0
11_1037.jpg	1	0	0	0
11_2954.jpg	1	0	0	0
11_836.jpg	1	0	0	0
11_1897.jpg	1	0	0	0
11_3000.jpg	1	0	0	0
11_1014.jpg	1	0	0	0
11_2952.jpg	1	0	0	0
09_1354.jpg	1	0	0	0
11_1931.jpg	1	0	0	0
09_942.jpg	1	0	0	0
11_2196.jpg	1	0	0	0
11_2158.jpg	1	0	0	0
11_939.jpg	1	0	0	0
11_1075.jpg	1	0	0	0
09_377.jpg	1	0	0	0
11_3349.jpg	1	0	0	0
11_1958.jpg	1	0	0	0
11_68.jpg	1	0	0	0
09_1404.jpg	1	0	0	0
11_2909.jpg	1	0	0	0
09_378.jpg	1	0	0	0
11_3111.jpg	1	0	0	0
11_2093.jpg	1	0	0	0
11_1372.jpg	1	0	0	0
11_3060.jpg	1	0	0	0
11_2262.jpg	1	0	0	0
11_3080.jpg	1	0	0	0
11_235.jpg	1	0	0	0
11_2956.jpg	1	0	0	0
11_1556.jpg	1	0	0	0
11_926.jpg	1	0	0	0
11_2392.jpg	1	0	0	0
11_3225.jpg	1	0	0	0
11_2002.jpg	1	0	0	0
11_2517.jpg	1	0	0	0
11_1916.jpg	1	0	0	0
11_567.jpg	1	0	0	0
11_2901.jpg	1	0	0	0
11_637.jpg	1	0	0	0
11_1158.jpg	1	0	0	0
11_2055.jpg	1	0	0	0
11_1929.jpg	1	0	0	0
11_3089.jpg	1	0	0	0
11_3112.jpg	1	0	0	0
11_1429.jpg	1	0	0	0
11_3048.jpg	1	0	0	0
09_744.jpg	1	0	0	0
11_2629.jpg	1	0	0	0
11_2671.jpg	1	0	0	0
11_2930.jpg	1	0	0	0
11_1428.jpg	1	0	0	0
11_1964.jpg	1	0	0	0
11_514.jpg	1	0	0	0
11_2787.jpg	1	0	0	0
11_1992.jpg	1	0	0	0
11_936.jpg	1	0	0	0
11_1864.jpg	1	0	0	0
11_2902.jpg	1	0	0	0
11_27.jpg	1	0	0	0
11_3360.jpg	1	0	0	0
11_2858.jpg	1	0	0	0
11_3051.jpg	1	0	0	0
11_1604.jpg	1	0	0	0
09_947.jpg	1	0	0	0
09_946.jpg	1	0	0	0
11_2407.jpg	1	0	0	0
09_375.jpg	1	0	0	0
11_76.jpg	1	0	0	0
11_1937.jpg	1	0	0	0
11_2346.jpg	1	0	0	0
11_2669.jpg	1	0	0	0
11_1201.jpg	1	0	0	0
11_887.jpg	1	0	0	0
11_954.jpg	1	0	0	0
11_3218.jpg	1	0	0	0
11_2094.jpg	1	0	0	0
11_2914.jpg	1	0	0	0
11_2773.jpg	1	0	0	0
11_1431.jpg	1	0	0	0
11_3178.jpg	1	0	0	0
11_1751.jpg	1	0	0	0
11_2347.jpg	1	0	0	0
11_1427.jpg	1	0	0	0
11_3065.jpg	1	0	0	0
11_757.jpg	1	0	0	0
11_1762.jpg	1	0	0	0
11_3135.jpg	1	0	0	0
11_1775.jpg	1	0	0	0
11_1026.jpg	1	0	0	0
11_1947.jpg	1	0	0	0
11_1983.jpg	1	0	0	0
11_3358.jpg	1	0	0	0
11_1895.jpg	1	0	0	0
11_1710.jpg	1	0	0	0
11_2156.jpg	1	0	0	0
11_3047.jpg	1	0	0	0
11_837.jpg	1	0	0	0
11_639.jpg	1	0	0	0
11_1606.jpg	1	0	0	0
11_927.jpg	1	0	0	0
11_2696.jpg	1	0	0	0
11_1171.jpg	1	0	0	0
11_1787.jpg	1	0	0	0
11_1157.jpg	1	0	0	0
09_1614.jpg	1	0	0	0
09_1403.jpg	1	0	0	0
11_1776.jpg	1	0	0	0
09_1634.jpg	1	0	0	0
11_3078.jpg	1	0	0	0
11_43.jpg	1	0	0	0
11_2153.jpg	1	0	0	0
11_628.jpg	1	0	0	0
11_2991.jpg	1	0	0	0
11_886.jpg	1	0	0	0
11_3220.jpg	1	0	0	0
11_2701.jpg	1	0	0	0
09_376.jpg	1	0	0	0
11_1060.jpg	1	0	0	0
11_3357.jpg	1	0	0	0
11_2994.jpg	1	0	0	0
11_2670.jpg	1	0	0	0
11_942.jpg	1	0	0	0
11_1044.jpg	1	0	0	0
11_1023.jpg	1	0	0	0
09_864.jpg	1	0	0	0
11_839.jpg	1	0	0	0
11_1163.jpg	1	0	0	0
11_3059.jpg	1	0	0	0
11_2000.jpg	1	0	0	0
11_2951.jpg	1	0	0	0
11_3056.jpg	1	0	0	0
11_2856.jpg	1	0	0	0
11_1022.jpg	1	0	0	0
11_3284.jpg	1	0	0	0
11_2895.jpg	1	0	0	0
11_1004.jpg	1	0	0	0
11_2673.jpg	1	0	0	0
11_236.jpg	1	0	0	0
11_870.jpg	1	0	0	0
09_372.jpg	1	0	0	0
11_841.jpg	1	0	0	0
11_658.jpg	1	0	0	0
11_1068.jpg	1	0	0	0
11_2770.jpg	1	0	0	0
11_695.jpg	1	0	0	0
11_1942.jpg	1	0	0	0
11_286.jpg	1	0	0	0
11_1112.jpg	1	0	0	0
11_3302.jpg	1	0	0	0
11_3092.jpg	1	0	0	0
11_1005.jpg	1	0	0	0
11_1021.jpg	1	0	0	0
11_2408.jpg	1	0	0	0
11_568.jpg	1	0	0	0
11_2054.jpg	1	0	0	0
11_1463.jpg	1	0	0	0
11_2082.jpg	1	0	0	0
09_592.jpg	1	0	0	0
11_513.jpg	1	0	0	0
11_1936.jpg	1	0	0	0
11_2192.jpg	1	0	0	0
11_415.jpg	1	0	0	0
11_2266.jpg	1	0	0	0
11_2332.jpg	1	0	0	0
09_869.jpg	1	0	0	0
11_1170.jpg	1	0	0	0
11_584.jpg	1	0	0	0
11_860.jpg	1	0	0	0
11_3230.jpg	1	0	0	0
11_932.jpg	1	0	0	0
11_2903.jpg	1	0	0	0
11_1007.jpg	1	0	0	0
11_1078.jpg	1	0	0	0
11_2935.jpg	1	0	0	0
11_937.jpg	1	0	0	0
11_113.jpg	1	0	0	0
11_1071.jpg	1	0	0	0
11_948.jpg	1	0	0	0
11_2774.jpg	1	0	0	0
11_624.jpg	1	0	0	0
11_1106.jpg	1	0	0	0
11_33.jpg	1	0	0	0
11_2689.jpg	1	0	0	0
11_2271.jpg	1	0	0	0
11_73.jpg	1	0	0	0
11_1997.jpg	1	0	0	0
11_3061.jpg	1	0	0	0
11_1003.jpg	1	0	0	0
11_128.jpg	1	0	0	0
11_3350.jpg	1	0	0	0
11_2585.jpg	1	0	0	0
11_2089.jpg	1	0	0	0
11_2273.jpg	1	0	0	0
11_653.jpg	1	0	0	0
11_1297.jpg	1	0	0	0
11_532.jpg	1	0	0	0
09_235.jpg	1	0	0	0
11_2697.jpg	1	0	0	0
11_1374.jpg	1	0	0	0
11_2938.jpg	1	0	0	0
11_2950.jpg	1	0	0	0
11_869.jpg	1	0	0	0
11_634.jpg	1	0	0	0
11_2004.jpg	1	0	0	0
11_1462.jpg	1	0	0	0
11_3041.jpg	1	0	0	0
11_714.jpg	1	0	0	0
11_1010.jpg	1	0	0	0
11_1069.jpg	1	0	0	0
11_2705.jpg	1	0	0	0
11_2419.jpg	1	0	0	0
11_2900.jpg	1	0	0	0
11_487.jpg	1	0	0	0
11_1943.jpg	1	0	0	0
11_1974.jpg	1	0	0	0
09_373.jpg	1	0	0	0
11_1810.jpg	1	0	0	0
11_715.jpg	1	0	0	0
11_1046.jpg	1	0	0	0
11_949.jpg	1	0	0	0
11_1067.jpg	1	0	0	0
09_234.jpg	1	0	0	0
11_1161.jpg	1	0	0	0
11_1477.jpg	1	0	0	0
11_632.jpg	1	0	0	0
11_1081.jpg	1	0	0	0
11_3177.jpg	1	0	0	0
11_818.jpg	1	0	0	0
11_571.jpg	1	0	0	0
11_2154.jpg	1	0	0	0
11_1757.jpg	1	0	0	0
11_1773.jpg	1	0	0	0
09_945.jpg	1	0	0	0
11_1764.jpg	1	0	0	0
11_3300.jpg	1	0	0	0
11_495.jpg	1	0	0	0
11_1018.jpg	1	0	0	0
11_3356.jpg	1	0	0	0
11_758.jpg	1	0	0	0
11_3090.jpg	1	0	0	0
11_696.jpg	1	0	0	0
11_2150.jpg	1	0	0	0
11_2688.jpg	1	0	0	0
11_635.jpg	1	0	0	0
11_950.jpg	1	0	0	0
11_864.jpg	1	0	0	0
11_1938.jpg	1	0	0	0
11_3329.jpg	1	0	0	0
11_2092.jpg	1	0	0	0
11_2261.jpg	1	0	0	0
11_1818.jpg	1	0	0	0
11_2921.jpg	1	0	0	0
11_1383.jpg	1	0	0	0
11_2617.jpg	1	0	0	0
09_866.jpg	1	0	0	0
11_3301.jpg	1	0	0	0
11_3241.jpg	1	0	0	0
11_1061.jpg	1	0	0	0
11_111.jpg	1	0	0	0
11_2765.jpg	1	0	0	0
11_998.jpg	1	0	0	0
11_617.jpg	1	0	0	0
11_2624.jpg	1	0	0	0
11_1048.jpg	1	0	0	0
11_2084.jpg	1	0	0	0
11_2268.jpg	1	0	0	0
09_1330.jpg	1	0	0	0
11_3181.jpg	1	0	0	0
11_2795.jpg	1	0	0	0
11_1142.jpg	1	0	0	0
11_1896.jpg	1	0	0	0
11_1962.jpg	1	0	0	0
11_3353.jpg	1	0	0	0
11_2908.jpg	1	0	0	0
11_3064.jpg	1	0	0	0
09_949.jpg	1	0	0	0
11_928.jpg	1	0	0	0
11_3083.jpg	1	0	0	0
11_999.jpg	1	0	0	0
11_2013.jpg	1	0	0	0
11_1079.jpg	1	0	0	0
11_1175.jpg	1	0	0	0
11_75.jpg	1	0	0	0
11_2897.jpg	1	0	0	0
11_641.jpg	1	0	0	0
11_2227.jpg	1	0	0	0
11_3058.jpg	1	0	0	0
11_2896.jpg	1	0	0	0
11_2151.jpg	1	0	0	0
11_112.jpg	1	0	0	0
11_2016.jpg	1	0	0	0
11_1945.jpg	1	0	0	0
11_2586.jpg	1	0	0	0
11_925.jpg	1	0	0	0
11_2933.jpg	1	0	0	0
11_373.jpg	1	0	0	0
11_1946.jpg	1	0	0	0
11_3054.jpg	1	0	0	0
11_1671.jpg	1	0	0	0
11_650.jpg	1	0	0	0
09_1003.jpg	1	0	0	0
11_885.jpg	1	0	0	0
11_2418.jpg	1	0	0	0
11_1985.jpg	1	0	0	0
11_2692.jpg	1	0	0	0
11_1752.jpg	1	0	0	0
09_1476.jpg	1	0	0	0
11_2061.jpg	1	0	0	0
11_3303.jpg	1	0	0	0
11_3299.jpg	1	0	0	0
11_82.jpg	1	0	0	0
11_1512.jpg	1	0	0	0
11_3242.jpg	1	0	0	0
11_1090.jpg	1	0	0	0
09_944.jpg	1	0	0	0
11_3126.jpg	1	0	0	0
11_530.jpg	1	0	0	0
11_2220.jpg	1	0	0	0
11_3052.jpg	1	0	0	0
11_1382.jpg	1	0	0	0
11_531.jpg	1	0	0	0
11_1019.jpg	1	0	0	0
09_1616.jpg	1	0	0	0
11_1979.jpg	1	0	0	0
11_2035.jpg	1	0	0	0
11_2486.jpg	1	0	0	0
11_883.jpg	1	0	0	0
11_868.jpg	1	0	0	0
11_534.jpg	1	0	0	0
11_372.jpg	1	0	0	0
11_552.jpg	1	0	0	0
11_2591.jpg	1	0	0	0
09_1633.jpg	1	0	0	0
11_3355.jpg	1	0	0	0
11_1970.jpg	1	0	0	0
11_2060.jpg	1	0	0	0
11_1667.jpg	1	0	0	0
09_734.jpg	1	0	0	0
11_1513.jpg	1	0	0	0
11_2926.jpg	1	0	0	0
11_2431.jpg	1	0	0	0
11_1817.jpg	1	0	0	0
11_3136.jpg	1	0	0	0
11_2841.jpg	1	0	0	0
11_2190.jpg	1	0	0	0
08_87.jpg	1	0	0	0
11_496.jpg	1	0	0	0
11_1087.jpg	1	0	0	0
11_915.jpg	1	0	0	0
11_1940.jpg	1	0	0	0
11_615.jpg	1	0	0	0
09_1331.jpg	1	0	0	0
08_84.jpg	1	0	0	0
11_2625.jpg	1	0	0	0
11_3333.jpg	1	0	0	0
11_2091.jpg	1	0	0	0
11_1988.jpg	1	0	0	0
11_749.jpg	1	0	0	0
11_833.jpg	1	0	0	0
11_1202.jpg	1	0	0	0
11_3332.jpg	1	0	0	0
11_2627.jpg	1	0	0	0
11_1602.jpg	1	0	0	0
11_2710.jpg	1	0	0	0
11_2672.jpg	1	0	0	0
11_74.jpg	1	0	0	0
11_2194.jpg	1	0	0	0
11_3286.jpg	1	0	0	0
11_1603.jpg	1	0	0	0
11_1898.jpg	1	0	0	0
11_2703.jpg	1	0	0	0
11_3306.jpg	1	0	0	0
11_1969.jpg	1	0	0	0
11_995.jpg	1	0	0	0
11_2394.jpg	1	0	0	0
11_537.jpg	1	0	0	0
11_1009.jpg	1	0	0	0
11_2080.jpg	1	0	0	0
11_2057.jpg	1	0	0	0
11_1053.jpg	1	0	0	0
11_421.jpg	1	0	0	0
11_1230.jpg	1	0	0	0
11_1763.jpg	1	0	0	0
11_1973.jpg	1	0	0	0
11_1941.jpg	1	0	0	0
11_3305.jpg	1	0	0	0
11_1043.jpg	1	0	0	0
11_1042.jpg	1	0	0	0
11_657.jpg	1	0	0	0
11_1995.jpg	1	0	0	0
11_1819.jpg	1	0	0	0
11_1381.jpg	1	0	0	0
09_943.jpg	1	0	0	0
11_3354.jpg	1	0	0	0
11_2694.jpg	1	0	0	0
11_3053.jpg	1	0	0	0
11_1993.jpg	1	0	0	0
11_515.jpg	1	0	0	0
11_1778.jpg	1	0	0	0
09_645.jpg	1	0	0	0
11_2334.jpg	1	0	0	0
11_1025.jpg	1	0	0	0
09_868.jpg	1	0	0	0
11_1104.jpg	1	0	0	0
11_1013.jpg	1	0	0	0
11_941.jpg	1	0	0	0
11_2953.jpg	1	0	0	0
11_644.jpg	1	0	0	0
11_3091.jpg	1	0	0	0
11_1174.jpg	1	0	0	0
11_114.jpg	1	0	0	0
11_2036.jpg	1	0	0	0
11_2017.jpg	1	0	0	0
11_1514.jpg	1	0	0	0
11_938.jpg	1	0	0	0
11_654.jpg	1	0	0	0
11_2599.jpg	1	0	0	0
11_115.jpg	1	0	0	0
09_2008.jpg	1	0	0	0
11_2927.jpg	1	0	0	0
11_2152.jpg	1	0	0	0
11_1458.jpg	1	0	0	0
11_1229.jpg	1	0	0	0
11_882.jpg	1	0	0	0
11_2780.jpg	1	0	0	0
11_1476.jpg	1	0	0	0
11_2417.jpg	1	0	0	0
11_3043.jpg	1	0	0	0
11_1815.jpg	1	0	0	0
11_1971.jpg	1	0	0	0
11_835.jpg	1	0	0	0
11_486.jpg	1	0	0	0
11_3304.jpg	1	0	0	0
11_2225.jpg	1	0	0	0
11_2983.jpg	1	0	0	0
11_1808.jpg	1	0	0	0
11_992.jpg	1	0	0	0
11_1231.jpg	1	0	0	0
11_1062.jpg	1	0	0	0
11_3088.jpg	1	0	0	0
11_1812.jpg	1	0	0	0
11_2345.jpg	1	0	0	0
11_582.jpg	1	0	0	0
09_746.jpg	1	0	0	0
11_1662.jpg	1	0	0	0
11_1658.jpg	1	0	0	0
11_234.jpg	1	0	0	0
11_3287.jpg	1	0	0	0
11_1666.jpg	1	0	0	0
11_1956.jpg	1	0	0	0
11_556.jpg	1	0	0	0
11_2621.jpg	1	0	0	0
11_2740.jpg	1	0	0	0
11_1149.jpg	1	0	0	0
11_912.jpg	1	0	0	0
11_642.jpg	1	0	0	0
11_587.jpg	1	0	0	0
11_72.jpg	1	0	0	0
11_3219.jpg	1	0	0	0
11_1927.jpg	1	0	0	0
11_2853.jpg	1	0	0	0
11_648.jpg	1	0	0	0
11_1868.jpg	1	0	0	0
11_2915.jpg	1	0	0	0
11_116.jpg	1	0	0	0
11_2053.jpg	1	0	0	0
11_2751.jpg	1	0	0	0
11_1813.jpg	1	0	0	0
11_2653.jpg	1	0	0	0
11_2852.jpg	1	0	0	0
11_630.jpg	1	0	0	0
09_980.jpg	1	0	0	0
11_655.jpg	1	0	0	0
09_1899.jpg	1	0	0	0
11_304.jpg	1	0	0	0
11_2771.jpg	1	0	0	0
11_1020.jpg	1	0	0	0
11_3129.jpg	1	0	0	0
11_1049.jpg	1	0	0	0
11_2711.jpg	1	0	0	0
11_1050.jpg	1	0	0	0
11_2784.jpg	1	0	0	0
11_3055.jpg	1	0	0	0
11_2059.jpg	1	0	0	0
11_2620.jpg	1	0	0	0
11_2840.jpg	1	0	0	0
11_2409.jpg	1	0	0	0
11_3134.jpg	1	0	0	0
11_2836.jpg	1	0	0	0
11_2612.jpg	1	0	0	0
11_2611.jpg	1	0	0	0
09_1402.jpg	1	0	0	0
11_70.jpg	1	0	0	0
11_1928.jpg	1	0	0	0
11_2335.jpg	1	0	0	0
11_2750.jpg	1	0	0	0
11_1223.jpg	1	0	0	0
11_2191.jpg	1	0	0	0
11_2937.jpg	1	0	0	0
11_631.jpg	1	0	0	0
11_315.jpg	1	0	0	0
09_950.jpg	1	0	0	0
11_2905.jpg	1	0	0	0
11_2839.jpg	1	0	0	0
11_2936.jpg	1	0	0	0
11_3217.jpg	1	0	0	0
11_2626.jpg	1	0	0	0
11_1199.jpg	1	0	0	0
11_2189.jpg	1	0	0	0
11_570.jpg	1	0	0	0
09_1804.jpg	1	1	0	0
09_337.jpg	1	1	0	0
09_1678.jpg	1	1	0	0
09_184.jpg	1	1	0	0
09_578.jpg	1	1	0	0
08_59.jpg	1	1	0	0
09_1670.jpg	1	1	0	0
09_1277.jpg	1	1	0	0
09_1226.jpg	1	1	0	0
09_1328.jpg	1	1	0	0
09_465.jpg	1	1	0	0
09_252.jpg	1	1	0	0
09_139.jpg	1	1	0	0
09_672.jpg	1	1	0	0
08_23.jpg	1	1	0	0
09_2017.jpg	1	1	0	0
09_673.jpg	1	1	0	0
09_1548.jpg	1	1	0	0
09_1401.jpg	1	1	0	0
09_1682.jpg	1	1	0	0
09_188.jpg	1	1	0	0
09_892.jpg	1	1	0	0
09_190.jpg	1	1	0	0
08_102.jpg	1	1	0	0
09_1669.jpg	1	1	0	0
09_1070.jpg	1	1	0	0
09_958.jpg	1	1	0	0
09_1371.jpg	1	1	0	0
09_138.jpg	1	1	0	0
08_24.jpg	1	1	0	0
09_1346.jpg	1	1	0	0
09_795.jpg	1	1	0	0
08_57.jpg	1	1	0	0
09_1406.jpg	1	1	0	0
08_106.jpg	1	1	0	0
09_248.jpg	1	1	0	0
09_1549.jpg	1	1	0	0
09_1684.jpg	1	1	0	0
09_268.jpg	1	1	0	0
09_1344.jpg	1	1	0	0
09_1566.jpg	1	1	0	0
09_107.jpg	1	1	0	0
09_1547.jpg	1	1	0	0
09_250.jpg	1	1	0	0
09_1247.jpg	1	1	0	0
08_60.jpg	1	1	0	0
09_580.jpg	1	1	0	0
08_101.jpg	1	1	0	0
09_271.jpg	1	1	0	0
08_75.jpg	1	1	0	0
09_108.jpg	1	1	0	0
09_1686.jpg	1	1	0	0
08_73.jpg	1	1	0	0
09_1201.jpg	1	1	0	0
09_1001.jpg	1	1	0	0
09_955.jpg	1	1	0	0
08_136.jpg	1	1	0	0
09_261.jpg	1	1	0	0
09_1894.jpg	1	1	0	0
09_895.jpg	1	1	0	0
08_164.jpg	1	1	0	0
09_1276.jpg	1	1	0	0
08_140.jpg	1	1	0	0
09_2018.jpg	1	1	0	0
09_976.jpg	1	1	0	0
08_42.jpg	1	1	0	0
09_1543.jpg	1	1	0	0
09_1999.jpg	1	1	0	0
09_168.jpg	1	1	0	0
09_535.jpg	1	1	0	0
09_1534.jpg	1	1	0	0
09_1897.jpg	1	1	0	0
09_978.jpg	1	1	0	0
09_894.jpg	1	1	0	0
09_1227.jpg	1	1	0	0
09_1284.jpg	1	1	0	0
09_518.jpg	1	1	0	0
09_1892.jpg	1	1	0	0
09_1898.jpg	1	1	0	0
09_187.jpg	1	1	0	0
09_166.jpg	1	1	0	0
09_536.jpg	1	1	0	0
09_1803.jpg	1	1	0	0
09_1681.jpg	1	1	0	0
09_164.jpg	1	1	0	0
09_1492.jpg	1	1	0	0
09_1628.jpg	1	1	0	0
08_21.jpg	1	1	0	0
09_1930.jpg	1	1	0	0
09_1281.jpg	1	1	0	0
09_249.jpg	1	1	0	0
09_1166.jpg	1	1	0	0
09_1263.jpg	1	1	0	0
08_138.jpg	1	1	0	0
09_531.jpg	1	1	0	0
08_143.jpg	1	1	0	0
09_1632.jpg	1	1	0	0
09_964.jpg	1	1	0	0
09_1225.jpg	1	1	0	0
09_50.jpg	1	1	0	0
09_1396.jpg	1	1	0	0
09_1490.jpg	1	1	0	0
09_1050.jpg	1	1	0	0
09_1293.jpg	1	1	0	0
09_1550.jpg	1	1	0	0
09_1031.jpg	1	1	0	0
08_14.jpg	1	1	0	0
08_15.jpg	1	1	0	0
09_2035.jpg	1	1	0	0
09_1973.jpg	1	1	0	0
09_2033.jpg	1	1	0	0
09_1329.jpg	1	1	0	0
08_41.jpg	1	1	0	0
09_1491.jpg	1	1	0	0
09_1530.jpg	1	1	0	0
09_1264.jpg	1	1	0	0
09_1531.jpg	1	1	0	0
09_1546.jpg	1	1	0	0
09_464.jpg	1	1	0	0
09_1542.jpg	1	1	0	0
09_1895.jpg	1	1	0	0
08_62.jpg	1	1	0	0
09_1069.jpg	1	1	0	0
09_606.jpg	1	1	0	0
08_134.jpg	1	1	0	0
08_83.jpg	1	1	0	0
09_1153.jpg	1	1	0	0
08_17.jpg	1	1	0	0
08_142.jpg	1	1	0	0
09_1974.jpg	1	1	0	0
09_1113.jpg	1	1	0	0
08_139.jpg	1	1	0	0
09_110.jpg	1	1	0	0
09_1929.jpg	1	1	0	0
09_1294.jpg	1	1	0	0
09_2041.jpg	1	1	0	0
09_1296.jpg	1	1	0	0
09_2032.jpg	1	1	0	0
09_1685.jpg	1	1	0	0
08_74.jpg	1	1	0	0
09_1830.jpg	1	1	0	0
09_229.jpg	1	1	0	0
09_1345.jpg	1	1	0	0
08_58.jpg	1	1	0	0
09_941.jpg	1	1	0	0
09_230.jpg	1	1	0	0
09_2025.jpg	1	1	0	0
09_1569.jpg	1	1	0	0
09_336.jpg	1	1	0	0
09_265.jpg	1	1	0	0
09_1951.jpg	1	1	0	0
09_1303.jpg	1	1	0	0
09_134.jpg	1	1	0	0
09_2031.jpg	1	1	0	0
08_105.jpg	1	1	0	0
09_270.jpg	1	1	0	0
09_1630.jpg	1	1	0	0
08_133.jpg	1	1	0	0
09_231.jpg	1	1	0	0
09_999.jpg	1	1	0	0
09_189.jpg	1	1	0	0
09_996.jpg	1	1	0	0
09_1532.jpg	1	1	0	0
09_1152.jpg	1	1	0	0
09_1229.jpg	1	1	0	0
08_163.jpg	1	1	0	0
09_900.jpg	1	1	0	0
08_48.jpg	1	1	0	0
09_1680.jpg	1	1	0	0
09_901.jpg	1	1	0	0
09_1373.jpg	1	1	0	0
09_1246.jpg	1	1	0	0
08_144.jpg	1	1	0	0
09_897.jpg	1	1	0	0
09_1363.jpg	1	1	0	0
09_997.jpg	1	1	0	0
09_1304.jpg	1	1	0	0
09_1400.jpg	1	1	0	0
09_891.jpg	1	1	0	0
09_1177.jpg	1	1	0	0
09_1890.jpg	1	1	0	0
09_2019.jpg	1	1	0	0
09_233.jpg	1	1	0	0
09_1279.jpg	1	1	0	0
09_1218.jpg	1	1	0	0
09_1327.jpg	1	1	0	0
09_466.jpg	1	1	0	0
09_1217.jpg	1	1	0	0
09_1679.jpg	1	1	0	0
09_512.jpg	1	1	0	0
09_1687.jpg	1	1	0	0
09_1175.jpg	1	1	0	0
09_1949.jpg	1	1	0	0
09_2030.jpg	1	1	0	0
09_1603.jpg	1	1	0	0
08_135.jpg	1	1	0	0
09_1067.jpg	1	1	0	0
09_2042.jpg	1	1	0	0
09_956.jpg	1	1	0	0
09_1666.jpg	1	1	0	0
09_186.jpg	1	1	0	0
09_267.jpg	1	1	0	0
09_529.jpg	1	1	0	0
09_899.jpg	1	1	0	0
09_253.jpg	1	1	0	0
09_515.jpg	1	1	0	0
09_137.jpg	1	1	0	0
09_1204.jpg	1	1	0	0
08_63.jpg	1	1	0	0
09_1114.jpg	1	1	0	0
09_516.jpg	1	1	0	0
09_1407.jpg	1	1	0	0
09_1295.jpg	1	1	0	0
09_2027.jpg	1	1	0	0
09_1395.jpg	1	1	0	0
09_957.jpg	1	1	0	0
09_1290.jpg	1	1	0	0
09_1216.jpg	1	1	0	0
09_1533.jpg	1	1	0	0
08_77.jpg	1	1	0	0
09_232.jpg	1	1	0	0
09_1228.jpg	1	1	0	0
09_1891.jpg	1	1	0	0
09_109.jpg	1	1	0	0
09_963.jpg	1	1	0	0
09_511.jpg	1	1	0	0
09_167.jpg	1	1	0	0
09_1283.jpg	1	1	0	0
09_1631.jpg	1	1	0	0
09_1397.jpg	1	1	0	0
08_76.jpg	1	1	0	0
09_1051.jpg	1	1	0	0
09_251.jpg	1	1	0	0
09_266.jpg	1	1	0	0
09_1215.jpg	1	1	0	0
09_1896.jpg	1	1	0	0
09_1975.jpg	1	1	0	0
09_1248.jpg	1	1	0	0
09_2028.jpg	1	1	0	0
09_530.jpg	1	1	0	0
09_1292.jpg	1	1	0	0
09_513.jpg	1	1	0	0
09_142.jpg	1	1	0	0
09_1544.jpg	1	1	0	0
09_974.jpg	1	1	0	0
09_1998.jpg	1	1	0	0
08_82.jpg	1	1	0	0
09_1203.jpg	1	1	0	0
09_1282.jpg	1	1	0	0
09_1032.jpg	1	1	0	0
09_2024.jpg	1	1	0	0
09_1029.jpg	1	1	0	0
09_965.jpg	1	1	0	0
09_1348.jpg	1	1	0	0
09_1280.jpg	1	1	0	0
09_1677.jpg	1	1	0	0
09_1494.jpg	1	1	0	0
09_1545.jpg	1	1	0	0
09_1667.jpg	1	1	0	0
09_1028.jpg	1	1	0	0
09_1665.jpg	1	1	0	0
09_528.jpg	1	1	0	0
09_1398.jpg	1	1	0	0
09_1230.jpg	1	1	0	0
09_517.jpg	1	1	0	0
09_670.jpg	1	1	0	0
09_2036.jpg	1	1	0	0
09_940.jpg	1	1	0	0
09_1176.jpg	1	1	0	0
08_122.jpg	1	1	0	0
09_1629.jpg	1	1	0	0
08_61.jpg	1	1	0	0
09_1343.jpg	1	1	0	0
09_1362.jpg	1	1	0	0
08_123.jpg	1	1	0	0
09_893.jpg	1	1	0	0
09_1000.jpg	1	1	0	0
09_1052.jpg	1	1	0	0
09_1002.jpg	1	1	0	0
09_960.jpg	1	1	0	0
08_40.jpg	1	1	0	0
09_462.jpg	1	1	0	0
09_1372.jpg	1	1	0	0
09_1360.jpg	1	1	0	0
09_975.jpg	1	1	0	0
09_1066.jpg	1	1	0	0
08_104.jpg	1	1	0	0
08_16.jpg	1	1	0	0
09_1027.jpg	1	1	0	0
08_137.jpg	1	1	0	0
09_1022.jpg	0	1	1	0
09_1157.jpg	0	1	1	0
08_18.jpg	0	1	1	0
09_1302.jpg	0	1	1	0
08_09.jpg	0	1	1	0
09_2016.jpg	0	1	1	0
09_1675.jpg	0	1	1	0
09_506.jpg	0	1	1	0
09_662.jpg	0	1	1	0
09_652.jpg	0	1	1	0
09_1154.jpg	0	1	1	0
09_505.jpg	0	1	1	0
09_1021.jpg	0	1	1	0
09_96.jpg	0	1	1	0
09_1336.jpg	0	1	1	0
09_1876.jpg	0	1	1	0
09_665.jpg	0	1	1	0
09_1874.jpg	0	1	1	0
09_1953.jpg	0	1	1	0
09_1873.jpg	0	1	1	0
09_882.jpg	0	1	1	0
09_664.jpg	0	1	1	0
08_07.jpg	0	1	1	0
09_1334.jpg	0	1	1	0
08_128.jpg	0	1	1	0
09_883.jpg	0	1	1	0
09_1018.jpg	0	1	1	0
08_127.jpg	0	1	1	0
09_1382.jpg	0	1	1	0
09_503.jpg	0	1	1	0
08_19.jpg	0	1	1	0
09_1921.jpg	0	1	1	0
08_129.jpg	0	1	1	0
09_660.jpg	0	1	1	0
09_1642.jpg	0	1	1	0
09_1333.jpg	0	1	1	0
09_885.jpg	0	1	1	0
09_1925.jpg	0	1	1	0
09_1878.jpg	0	1	1	0
09_1337.jpg	0	1	1	0
09_683.jpg	0	1	1	0
09_1922.jpg	0	1	1	0
09_507.jpg	0	1	1	0
09_208.jpg	0	1	1	0
09_667.jpg	0	1	1	0
09_890.jpg	0	1	1	0
09_381.jpg	0	1	1	0
09_654.jpg	0	1	1	0
09_1955.jpg	0	1	1	0
09_1155.jpg	0	1	1	0
09_86.jpg	0	1	1	0
09_504.jpg	0	1	1	0
09_593.jpg	0	1	1	0
09_886.jpg	0	1	1	0
09_661.jpg	0	1	1	0
09_1646.jpg	0	1	1	0
09_382.jpg	0	1	1	0
09_1875.jpg	0	1	1	0
09_1300.jpg	0	1	1	0
08_08.jpg	0	1	1	0
09_97.jpg	0	1	1	0
09_1674.jpg	0	1	1	0
09_1106.jpg	0	1	1	0
09_209.jpg	0	1	1	0
08_20.jpg	0	1	1	0
09_655.jpg	0	1	1	0
09_1019.jpg	0	1	1	0
09_379.jpg	0	1	1	0
09_1103.jpg	0	1	1	0
09_380.jpg	0	1	1	0
09_666.jpg	0	1	1	0
09_1645.jpg	0	1	1	0
09_99.jpg	0	1	1	0
09_1156.jpg	0	1	1	0
09_98.jpg	0	1	1	0
09_1105.jpg	0	1	1	0
09_383.jpg	0	1	1	0
09_1952.jpg	0	1	1	0
09_680.jpg	0	1	1	0
09_2015.jpg	0	1	1	0
09_653.jpg	0	1	1	0
09_1923.jpg	0	1	1	0
09_1673.jpg	0	1	1	0
09_656.jpg	0	1	1	0
09_663.jpg	0	1	1	0
09_1647.jpg	0	1	1	0
09_657.jpg	0	1	1	0
09_87.jpg	0	1	1	0
09_1644.jpg	0	1	1	0
09_1877.jpg	0	1	1	0
09_1299.jpg	0	1	1	0
09_210.jpg	0	1	1	0
09_1956.jpg	0	1	1	0
09_679.jpg	0	1	1	0
09_1924.jpg	0	1	1	0
09_1020.jpg	0	1	1	0
05_48.jpg	1	0	1	0				
05_49.jpg	1	0	1	0	